17:
1.000000 0.000000 0.000000 0.000000 0.000000 1.000000 0.000000 0.000000 0.000000 0.000000 1.000000 0.000000 0.000000 0.000000 0.000000 1.000000 
0.994568 -0.104075 0.001320 0.000000 0.104057 0.994524 0.009742 0.000000 -0.002327 -0.009551 0.999952 0.000000 -1.824076 -2.788818 -0.120226 1.000000 
-26.673687, 12.445993, 1.528323 0.445913, -0.893260, 0.056984 -0.890305, -0.449203, -0.074658 0.092286, -0.017442, -0.995580
-30.846367, 10.340670, 1.178418
16:
1.000000 0.000000 0.000000 0.000000 0.000000 1.000000 0.000000 0.000000 0.000000 0.000000 1.000000 0.000000 0.000000 0.000000 0.000000 1.000000 
0.994560 -0.104168 0.000533 0.000000 0.104160 0.994522 0.008713 0.000000 -0.001438 -0.008610 0.999962 0.000000 -1.910206 -2.735669 -0.132966 1.000000 
-22.339996, 4.473928, 0.310958 0.358606, -0.932689, 0.038643 -0.929804, -0.360557, -0.073908 0.082867, -0.009427, -0.996516
-26.795254, 2.746279, -0.043182
15:
1.000000 0.000000 0.000000 0.000000 0.000000 1.000000 0.000000 0.000000 0.000000 0.000000 1.000000 0.000000 0.000000 0.000000 0.000000 1.000000 
1.000000 0.000000 0.000000 0.000000 -0.000000 1.000000 0.000000 0.000000 0.000000 0.000000 1.000000 0.000000 -0.895323 -0.155705 -0.155391 1.000000 
-20.429163, -3.280944, 2.950875 0.348244, -0.916131, 0.198572 -0.917419, -0.376592, -0.128530 0.192531, -0.137414, -0.971622
-24.935324, -5.130689, 2.319562
14:
1.000000 0.000000 0.000000 0.000000 0.000000 1.000000 0.000000 0.000000 0.000000 0.000000 1.000000 0.000000 0.000000 0.000000 0.000000 1.000000 
1.000000 0.000000 -0.000000 0.000000 -0.000000 1.000000 0.000000 0.000000 0.000000 -0.000000 1.000000 0.000000 -0.649950 0.057954 -0.084330 1.000000 
-16.697069, -9.269112, 2.393805 0.304209, -0.926803, 0.220210 -0.946350, -0.320473, -0.041456 0.108993, -0.195785, -0.974571
-21.994768, -11.063130, 2.161736
13:
1.000000 0.000000 0.000000 0.000000 0.000000 1.000000 0.000000 0.000000 0.000000 0.000000 1.000000 0.000000 0.000000 0.000000 0.000000 1.000000 
0.995043 -0.060760 -0.078729 0.000000 0.054365 0.995233 -0.080965 0.000000 0.083274 0.076284 0.993603 0.000000 -0.308416 -1.348927 -3.169558 1.000000 
-15.264524, -16.226990, 3.267441 0.649759, -0.734640, 0.195234 -0.757623, -0.646763, 0.087778 0.061785, -0.204948, -0.976821
-17.636145, -18.251574, 3.542215
12:
1.000000 0.000000 0.000000 0.000000 0.000000 1.000000 0.000000 0.000000 0.000000 0.000000 1.000000 0.000000 0.000000 0.000000 0.000000 1.000000 
0.983248 -0.119881 -0.137302 0.000000 0.101652 0.985908 -0.132863 0.000000 0.151294 0.116680 0.981578 0.000000 0.380110 -2.295732 -4.620605 1.000000 
-9.824519, -19.799067, 3.182913 0.925017, -0.351900, 0.143215 -0.377156, -0.895952, 0.234569 0.045769, -0.270995, -0.961492
-11.010004, -22.615232, 3.920212
11:
1.000000 0.000000 0.000000 0.000000 0.000000 1.000000 0.000000 0.000000 0.000000 0.000000 1.000000 0.000000 0.000000 0.000000 0.000000 1.000000 
0.908145 -0.414840 0.056393 0.000000 0.415006 0.909771 0.009287 0.000000 -0.055157 0.014969 0.998366 0.000000 9.831102 -3.614115 0.289103 1.000000 
-4.233656, -22.818611, 4.199872 0.980535, 0.165609, -0.105475 0.192787, -0.913843, 0.357386 -0.037201, -0.370764, -0.927982
-3.607769, -25.785427, 5.360137
21:
1.000000 0.000000 0.000000 0.000000 0.000000 1.000000 0.000000 0.000000 0.000000 0.000000 1.000000 0.000000 0.000000 0.000000 0.000000 1.000000 
0.990193 0.138191 0.020542 0.000000 -0.138430 0.990314 0.010704 0.000000 -0.018864 -0.013442 0.999732 0.000000 -2.916184 -0.999952 0.177810 1.000000 
3.672064, -22.061073, 3.721492 0.997783, 0.063114, -0.021119 0.066475, -0.929841, 0.361906 0.003204, -0.362508, -0.931975
3.913562, -25.439123, 5.036269
22:
1.000000 0.000000 0.000000 0.000000 0.000000 1.000000 0.000000 0.000000 0.000000 0.000000 1.000000 0.000000 0.000000 0.000000 0.000000 1.000000 
0.978391 -0.194963 0.068851 0.000000 0.192942 0.980588 0.034941 0.000000 -0.074326 -0.020902 0.997015 0.000000 4.924698 0.772631 -0.301279 1.000000 
10.382018, -20.448418, 3.690021 0.787025, 0.606365, -0.113635 0.611584, -0.742685, 0.272735 0.080982, -0.284146, -0.955355
12.125611, -22.565783, 4.467574
23:
1.000000 0.000000 0.000000 0.000000 0.000000 1.000000 0.000000 0.000000 0.000000 0.000000 1.000000 0.000000 0.000000 0.000000 0.000000 1.000000 
0.949708 0.258299 -0.177019 0.000000 -0.282308 0.950864 -0.127122 0.000000 0.135486 0.170703 0.975963 0.000000 -3.784704 -6.261038 0.540804 1.000000 
15.649800, -16.718830, 3.434039 0.900289, 0.409361, 0.148001 0.358453, -0.890097, 0.281494 0.246968, -0.200374, -0.948081
16.844606, -19.685749, 4.372324
24:
1.000000 0.000000 0.000000 0.000000 0.000000 1.000000 0.000000 0.000000 0.000000 0.000000 1.000000 0.000000 0.000000 0.000000 0.000000 1.000000 
0.997119 -0.013748 -0.074596 0.000000 0.016945 0.998958 0.042386 0.000000 0.073935 -0.043527 0.996313 0.000000 1.060137 -0.215911 1.865780 1.000000 
18.282015, -11.027491, 1.865856 0.492870, 0.852100, -0.176082 0.869318, -0.490833, 0.058039 -0.036972, -0.181677, -0.982663
22.235250, -13.259571, 2.129788
25:
1.000000 0.000000 0.000000 0.000000 0.000000 1.000000 0.000000 0.000000 0.000000 0.000000 1.000000 0.000000 0.000000 0.000000 0.000000 1.000000 
0.994609 -0.083230 -0.061860 0.000000 0.085706 0.995576 0.038502 0.000000 0.058381 -0.043596 0.997342 0.000000 1.301237 1.349924 1.670555 1.000000 
21.682213, -4.937110, 1.591073 0.397243, 0.895648, -0.200031 0.916187, -0.374477, 0.142718 0.052918, -0.239960, -0.969339
25.868004, -6.647997, 2.243114
26:
1.000000 0.000000 0.000000 0.000000 0.000000 1.000000 0.000000 0.000000 0.000000 0.000000 1.000000 0.000000 0.000000 0.000000 0.000000 1.000000 
0.992780 0.088000 -0.081508 0.000000 -0.081006 0.993043 0.085468 0.000000 0.088462 -0.078249 0.993001 0.000000 1.412964 -2.687178 1.995389 1.000000 
23.864758, 2.883640, 1.217923 0.319672, 0.947528, 0.000000 0.905208, -0.305395, 0.295520 0.280013, -0.094469, -0.955337
28.593386, 1.288312, 2.761662
27:
1.000000 0.000000 0.000000 0.000000 0.000000 1.000000 0.000000 0.000000 0.000000 0.000000 1.000000 0.000000 0.000000 0.000000 0.000000 1.000000 
0.992266 -0.028607 -0.120791 0.000000 0.037260 0.996851 0.069997 0.000000 0.118408 -0.073957 0.990207 0.000000 0.147709 0.648933 2.657319 1.000000 
27.091782, 11.458489, 1.258634 0.444666, 0.895697, 0.000000 0.824991, -0.409565, 0.389418 0.348800, -0.173161, -0.921061
31.651163, 9.194996, 3.410787
38:
1.000000 0.000000 0.000000 0.000000 0.000000 1.000000 0.000000 0.000000 0.000000 0.000000 1.000000 0.000000 0.000000 0.000000 0.000000 1.000000 
1.000000 0.000000 0.000000 0.000000 0.000000 1.000000 0.000000 0.000000 0.000000 0.000000 1.000000 0.000000 0.000000 0.000004 -0.000002 1.000000 
29.606405, 19.096611, -1.172623 -0.053850, -0.864020, -0.500570 0.848822, -0.303638, 0.432788 -0.525930, -0.401589, 0.749750
33.049358, 17.865015, 0.582826
37:
1.000000 0.000000 0.000000 0.000000 0.000000 1.000000 0.000000 0.000000 0.000000 0.000000 1.000000 0.000000 0.000000 0.000000 0.000000 1.000000 
0.999540 0.017567 -0.024743 0.000000 -0.018904 0.998315 -0.054864 0.000000 0.023737 0.055307 0.998187 0.000000 0.321331 -0.175839 1.200896 1.000000 
26.477997, 9.931491, -2.800770 -0.414110, -0.904922, -0.098125 0.858544, -0.424129, 0.288128 -0.302351, 0.035072, 0.952551
30.197248, 8.094152, -1.552593
36:
1.000000 0.000000 0.000000 0.000000 0.000000 1.000000 0.000000 0.000000 0.000000 0.000000 1.000000 0.000000 0.000000 0.000000 0.000000 1.000000 
0.999627 -0.025899 -0.008680 0.000000 0.025647 0.999279 -0.027979 0.000000 0.009399 0.027746 0.999571 0.000000 0.017502 0.823999 0.401930 1.000000 
23.253172, 0.676630, -3.517934 -0.368181, -0.928474, 0.048762 0.902889, -0.344537, 0.257071 -0.221883, 0.138675, 0.965162
27.490286, -0.940228, -2.311543
35:
1.000000 0.000000 0.000000 0.000000 0.000000 1.000000 0.000000 0.000000 0.000000 0.000000 1.000000 0.000000 0.000000 0.000000 0.000000 1.000000 
0.982857 0.156163 -0.098008 0.000000 -0.152620 0.987362 0.042700 0.000000 0.103438 -0.027010 0.994269 0.000000 -0.130823 -3.206778 2.276345 1.000000 
20.372816, -7.173348, -4.721840 -0.524973, -0.851118, 0.000909 0.833994, -0.514201, 0.200127 -0.169864, 0.105820, 0.979770
23.418411, -9.051114, -3.991010
34:
1.000000 0.000000 0.000000 0.000000 0.000000 1.000000 0.000000 0.000000 0.000000 0.000000 1.000000 0.000000 0.000000 0.000000 0.000000 1.000000 
0.991605 -0.014906 -0.128444 0.000000 0.003697 0.996196 -0.087065 0.000000 0.129253 0.085859 0.987888 0.000000 0.772038 0.653328 1.052857 1.000000 
17.635445, -13.360025, -4.025403 -0.476875, -0.868505, -0.135236 0.865511, -0.490803, 0.100019 -0.153241, -0.069351, 0.985752
20.506334, -14.988015, -3.693640
33:
1.000000 0.000000 0.000000 0.000000 0.000000 1.000000 0.000000 0.000000 0.000000 0.000000 1.000000 0.000000 0.000000 0.000000 0.000000 1.000000 
0.969527 0.242352 0.035817 0.000000 -0.244745 0.951710 0.185330 0.000000 0.010827 -0.188449 0.982023 0.000000 -4.229603 -4.580488 3.331367 1.000000 
13.032825, -17.930140, -4.087696 -0.919262, -0.388132, 0.065660 0.391419, -0.918973, 0.047736 0.041812, 0.069583, 0.996700
14.300831, -20.907162, -3.933056
32:
1.000000 0.000000 0.000000 0.000000 0.000000 1.000000 0.000000 0.000000 0.000000 0.000000 1.000000 0.000000 0.000000 0.000000 0.000000 1.000000 
0.997678 0.064620 0.021511 0.000000 -0.066016 0.995205 0.072173 0.000000 -0.016744 -0.073425 0.997160 0.000000 -1.715361 -0.496243 1.144349 1.000000 
7.829360, -19.919880, -3.740275 -0.988448, -0.151564, 0.000000 0.149865, -0.977348, -0.149438 0.022649, -0.147711, 0.988771
8.325937, -23.158323, -4.235438
31:
1.000000 0.000000 0.000000 0.000000 0.000000 1.000000 0.000000 0.000000 0.000000 0.000000 1.000000 0.000000 0.000000 0.000000 0.000000 1.000000 
0.939274 0.340755 0.040627 0.000000 -0.342743 0.937405 0.061648 0.000000 -0.017077 -0.071829 0.997271 0.000000 -7.597666 -2.395277 0.654213 1.000000 
2.701333, -20.644833, -2.844445 -0.972781, 0.230841, 0.020244 -0.231576, -0.965308, -0.120639 -0.008307, -0.122043, 0.992490
2.066677, -23.290346, -3.175067
41:
1.000000 0.000000 0.000000 0.000000 0.000000 1.000000 0.000000 0.000000 0.000000 0.000000 1.000000 0.000000 0.000000 0.000000 0.000000 1.000000 
0.883378 -0.430985 -0.184127 0.000000 0.445884 0.893872 0.046915 0.000000 0.144365 -0.123541 0.981783 0.000000 9.201875 -3.553434 0.007205 1.000000 
-2.208077, -20.374863, -2.836244 -0.936978, -0.298391, -0.181755 0.326908, -0.932316, -0.154652 -0.123306, -0.204323, 0.971106
-1.328946, -22.882071, -3.252139
42:
1.000000 0.000000 0.000000 0.000000 0.000000 1.000000 0.000000 0.000000 0.000000 0.000000 1.000000 0.000000 0.000000 0.000000 0.000000 1.000000 
0.999889 -0.006855 0.013403 0.000000 0.004873 0.989772 0.142675 0.000000 -0.014244 -0.142592 0.989684 0.000000 -0.492044 -0.769241 2.096681 1.000000 
-6.876436, -18.834085, -2.508122 -0.941389, 0.335115, 0.038528 -0.336857, -0.939932, -0.055274 0.017690, -0.065013, 0.997728
-7.842404, -21.529417, -2.666626
43:
1.000000 0.000000 0.000000 0.000000 0.000000 1.000000 0.000000 0.000000 0.000000 0.000000 1.000000 0.000000 0.000000 0.000000 0.000000 1.000000 
0.994734 -0.037691 0.095305 0.000000 0.010391 0.962218 0.272081 0.000000 -0.101959 -0.269657 0.957543 0.000000 -0.464856 -1.887601 4.688419 1.000000 
-11.497046, -16.261013, -2.575475 -0.661791, 0.749011, 0.031854 -0.749307, -0.662212, 0.003750 0.023903, -0.021386, 0.999486
-13.619743, -18.136978, -2.564850
44:
1.000000 0.000000 0.000000 0.000000 0.000000 1.000000 0.000000 0.000000 0.000000 0.000000 1.000000 0.000000 0.000000 0.000000 0.000000 1.000000 
1.000000 0.000000 -0.000000 0.000000 -0.000000 1.000000 0.000000 0.000000 0.000000 -0.000000 1.000000 0.000000 -0.743978 -0.585196 -0.181500 1.000000 
-15.157894, -10.504112, -3.323079 -0.475829, 0.877672, 0.057251 -0.866798, -0.478980, 0.138706 0.149161, 0.016375, 0.988677
-18.105848, -12.133114, -2.851344
45:
1.000000 0.000000 0.000000 0.000000 0.000000 1.000000 0.000000 0.000000 0.000000 0.000000 1.000000 0.000000 0.000000 0.000000 0.000000 1.000000 
0.977061 -0.212294 -0.016810 0.000000 0.212629 0.976896 0.021520 0.000000 0.011853 -0.024601 0.999627 0.000000 -0.463432 -4.597626 -0.361121 1.000000 
-17.561607, -4.538342, -4.065933 -0.490557, 0.871408, 0.001262 -0.865231, -0.487250, 0.118165 0.103585, 0.056875, 0.992993
-20.799164, -6.361552, -3.623776
47:
1.000000 0.000000 0.000000 0.000000 0.000000 1.000000 0.000000 0.000000 0.000000 0.000000 1.000000 0.000000 0.000000 0.000000 0.000000 1.000000 
0.996595 -0.018918 0.080253 0.000000 0.036719 0.973308 -0.226546 0.000000 -0.073826 0.228722 0.970688 0.000000 -1.844412 4.095035 3.751774 1.000000 
-22.201801, 7.094280, -4.466085 -0.338535, 0.890156, 0.304986 -0.940939, -0.318450, -0.114989 -0.005235, -0.325902, 0.945389
-26.767799, 5.548977, -5.024078
