17
0.999569	0.0293458	-0.000576405	-26.7372	
-0.0293473	0.999565	-0.00276617	12.5538	
0.000494979	0.00278189	0.999996	1.65315	
0	0	0	1	
16
0.999566	0.0294421	-0.000319184	-23.0242	
-0.0294428	0.999563	-0.00244739	4.24944	
0.000246988	0.00245572	0.999997	0.286114	
0	0	0	1	
15
1	6.68019e-11	-1.04329e-09	-20.8864	
-6.68019e-11	1	4.51217e-10	-3.31129	
1.04329e-09	-4.51217e-10	1	1.99853	
0	0	0	1	
14
1	4.54603e-10	9.10611e-10	-17.5107	
-4.54603e-10	1	2.74406e-10	-9.33368	
-9.10611e-10	-2.74406e-10	1	2.5257	
0	0	0	1	
13
0.999616	0.0156652	0.0228594	-15.3216	
-0.0161634	0.999632	0.021772	-16.109	
-0.0225099	-0.0221331	0.999502	3.39736	
0	0	0	1	
12
0.998717	0.0298137	0.0409247	-10.1281	
-0.0312493	0.998902	0.0348983	-20.0694	
-0.0398393	-0.0361324	0.998553	3.31441	
0	0	0	1	
11
0.992837	0.118273	-0.0169255	-4.03173	
-0.118265	0.992981	0.00148984	-23.3456	
0.0169829	0.000522534	0.999856	3.76216	
0	0	0	1	
21
0.999238	-0.0386724	-0.00535692	3.87099	
0.0386537	0.999246	-0.00356664	-22.7523	
0.00549082	0.00335686	0.999979	3.55185	
0	0	0	1	
22
0.998529	0.0507407	-0.0190961	10.4244	
-0.0508849	0.998679	-0.00714632	-20.6952	
0.0187082	0.00810751	0.999792	3.63432	
0	0	0	1	
23
0.997287	-0.0639966	0.036378	16.056	
0.062562	0.997267	0.0392942	-16.9663	
-0.0387933	-0.0369117	0.998565	3.6248	
0	0	0	1	
24
0.999802	0.00411991	0.0194829	18.7851	
-0.00390776	0.999933	-0.0109147	-11.0608	
-0.0195265	0.0108364	0.999751	2.18691	
0	0	0	1	
25
0.999606	0.0229318	0.0161836	22.2793	
-0.0227484	0.999676	-0.0114251	-4.99402	
-0.0164403	0.0110524	0.999804	1.58518	
0	0	0	1	
26
0.999684	-0.0127949	0.0216482	24.8412	
0.0132002	0.999738	-0.0186826	2.41547	
-0.0214035	0.0189624	0.999591	0.877242	
0	0	0	1	
27
0.999384	0.00958657	0.0337473	27.7403	
-0.00889969	0.999751	-0.0204455	11.4158	
-0.0339349	0.0201326	0.999221	1.44476	
0	0	0	1	
