17
0.998021	0.0628732	-0.00133479	-26.858	
-0.06288	0.998004	-0.0059074	12.5208	
0.000960711	0.00597964	0.999982	1.64253	
0	0	0	1	
16
0.998008	0.0630804	-0.000772365	-23.4549	
-0.0630836	0.997995	-0.00523344	4.11918	
0.000440689	0.00527174	0.999986	0.251531	
0	0	0	1	
15
1	1.43201e-10	-2.23647e-09	-21.1757	
-1.43201e-10	1	9.67262e-10	-3.3616	
2.23647e-09	-9.67262e-10	1	1.94833	
0	0	0	1	
14
1	9.74521e-10	1.95205e-09	-17.7207	
-9.74521e-10	1	5.88237e-10	-9.31496	
-1.95205e-09	-5.88237e-10	1	2.49845	
0	0	0	1	
13
0.998236	0.0329454	0.0493947	-15.5829	
-0.0352337	0.998311	0.0461944	-16.1352	
-0.0477894	-0.0478533	0.997711	3.17057	
0	0	0	1	
12
0.994112	0.0620048	0.0888583	-10.4357	
-0.0685941	0.994961	0.0731264	-20.2062	
-0.0838764	-0.078791	0.993356	3.09438	
0	0	0	1	
11
0.967224	0.251374	-0.0359011	-3.94145	
-0.251336	0.967883	0.00563182	-23.2612	
0.0361638	0.00357603	0.999339	3.70839	
0	0	0	1	
21
0.996498	-0.0828478	-0.0113088	3.90886	
0.0827615	0.996538	-0.00789583	-22.8485	
0.0119238	0.00693224	0.999905	3.55607	
0	0	0	1	
22
0.993248	0.108399	-0.0413376	10.5803	
-0.109061	0.993935	-0.0141137	-20.9906	
0.0395569	0.0185268	0.999046	3.53152	
0	0	0	1	
23
0.987558	-0.13838	0.0747011	16.2661	
0.131802	0.987468	0.0868066	-17.195	
-0.0857773	-0.0758808	0.993421	3.55171	
0	0	0	1	
24
0.999089	0.00908908	0.0416986	19.1029	
-0.00811433	0.999691	-0.0234862	-11.2398	
-0.0418992	0.0231265	0.998854	2.19175	
0	0	0	1	
25
0.99819	0.0493561	0.0343586	22.5565	
-0.0485137	0.998511	-0.024935	-5.16542	
-0.0355381	0.023223	0.999098	1.62289	
0	0	0	1	
26
0.998547	-0.0269152	0.0466792	25.1962	
0.028777	0.998798	-0.0396826	2.21823	
-0.045555	0.0409682	0.998121	0.945545	
0	0	0	1	
27
0.997173	0.0213722	0.0720419	27.9115	
-0.0182173	0.998858	-0.044169	11.325	
-0.0729037	0.0427317	0.996423	1.48206	
0	0	0	1	
