17
0.999292	0.0376105	-0.000753449	-26.7669	
-0.0376129	0.999286	-0.00354239	12.5456	
0.00061968	0.00356822	0.999993	1.65053	
0	0	0	1	
16
0.999288	0.037734	-0.000422117	-23.1303	
-0.0377352	0.999283	-0.00313516	4.21735	
0.000303512	0.00314886	0.999995	0.277594	
0	0	0	1	
15
1	8.56239e-11	-1.33725e-09	-20.9577	
-8.56239e-11	1	5.78351e-10	-3.32368	
1.33725e-09	-5.78351e-10	1	1.98617	
0	0	0	1	
14
1	5.82692e-10	1.16718e-09	-17.5624	
-5.82692e-10	1	3.51722e-10	-9.32907	
-1.16718e-09	-3.51722e-10	1	2.51899	
0	0	0	1	
13
0.999369	0.0199864	0.0293594	-15.386	
-0.0208048	0.999396	0.0278375	-16.1155	
-0.0287853	-0.0284307	0.999181	3.34148	
0	0	0	1	
12
0.997893	0.037939	0.0526302	-10.2039	
-0.040297	0.998197	0.0444899	-20.1031	
-0.0508474	-0.046517	0.997623	3.2602	
0	0	0	1	
11
0.988241	0.151366	-0.0216507	-4.00949	
-0.151353	0.988477	0.00227077	-23.3248	
0.0217449	0.00103283	0.999763	3.74891	
0	0	0	1	
21
0.998748	-0.049564	-0.00684097	3.88032	
0.0495331	0.998762	-0.00460872	-22.776	
0.00706093	0.00426409	0.999966	3.55289	
0	0	0	1	
22
0.997584	0.0649903	-0.0245388	10.4628	
-0.0652273	0.99783	-0.00898328	-20.768	
0.0239017	0.0105622	0.999659	3.60899	
0	0	0	1	
23
0.995544	-0.082227	0.0461569	16.1078	
0.079871	0.995512	0.0507592	-17.0226	
-0.0501235	-0.0468464	0.997644	3.60679	
0	0	0	1	
24
0.999674	0.00531876	0.0249631	18.8634	
-0.00497022	0.99989	-0.0140033	-11.1049	
-0.0250348	0.0138747	0.99959	2.18811	
0	0	0	1	
25
0.999353	0.0294232	0.020695	22.3476	
-0.029122	0.999468	-0.0147101	-5.03625	
-0.0211168	0.0140979	0.999678	1.59447	
0	0	0	1	
26
0.99948	-0.0163251	0.0277891	24.9287	
0.0169909	0.99957	-0.0238935	2.36687	
-0.027387	0.0243532	0.999328	0.894069	
0	0	0	1	
27
0.998989	0.0124096	0.0432144	27.7825	
-0.0112812	0.999592	-0.0262581	11.3934	
-0.0435226	0.0257441	0.998721	1.45395	
0	0	0	1	
