17
0.994607	0.10369	-0.00240256	-27.0055	
-0.103708	0.99456	-0.0097039	12.4806	
0.00138329	0.00990073	0.99995	1.62956	
0	0	0	1	
16
0.994573	0.104033	-0.00145217	-23.9805	
-0.104041	0.994536	-0.00861058	3.9602	
0.000548448	0.00871494	0.999962	0.209322	
0	0	0	1	
15
1	2.36446e-10	-3.69273e-09	-21.5288	
-2.36447e-10	1	1.59709e-09	-3.423	
3.69273e-09	-1.59709e-09	1	1.88705	
0	0	0	1	
14
1	1.60907e-09	3.22312e-09	-17.977	
-1.60907e-09	1	9.71263e-10	-9.2921	
-3.22312e-09	-9.71264e-10	1	2.4652	
0	0	0	1	
13
0.995194	0.0530771	0.0822862	-15.9018	
-0.0593103	0.995399	0.0752553	-16.1671	
-0.0779133	-0.0797741	0.993763	2.89378	
0	0	0	1	
12
0.98399	0.0983137	0.148657	-10.8112	
-0.116232	0.986297	0.117082	-20.3733	
-0.135109	-0.132486	0.981933	2.82584	
0	0	0	1	
11
0.911489	0.407214	-0.0580132	-3.83127	
-0.407112	0.913269	0.0140979	-23.1581	
0.0587226	0.0107678	0.998216	3.64275	
0	0	0	1	
21
0.990462	-0.136562	-0.0183037	3.95508	
0.136327	0.990572	-0.0135289	-22.9659	
0.0199787	0.0109046	0.999741	3.56122	
0	0	0	1	
22
0.981628	0.177916	-0.0689418	10.7706	
-0.179718	0.983497	-0.0208365	-21.3512	
0.0640969	0.0328438	0.997403	3.40606	
0	0	0	1	
23
0.966234	-0.229953	0.116251	16.5224	
0.212098	0.96599	0.147914	-17.4741	
-0.146311	-0.118263	0.982144	3.4625	
0	0	0	1	
24
0.997517	0.0155213	0.0686956	19.4907	
-0.0128647	0.999158	-0.0389461	-11.4583	
-0.0692423	0.0379657	0.996877	2.19766	
0	0	0	1	
25
0.995069	0.0818484	0.056028	22.8948	
-0.0795532	0.995944	-0.0420421	-5.37461	
-0.0592418	0.0373776	0.997544	1.66892	
0	0	0	1	
26
0.996042	-0.0433816	0.077578	25.6294	
0.0484541	0.996725	-0.0647448	1.97749	
-0.0745152	0.0682475	0.994882	1.02891	
0	0	0	1	
27
0.9923	0.0369089	0.11823	28.1204	
-0.0283171	0.99689	-0.0735439	11.2142	
-0.120576	0.0696297	0.990259	1.52757	
0	0	0	1	
