17
0.998663	0.051691	-0.00106999	-26.8177	
-0.0516956	0.998651	-0.00486199	12.5318	
0.000817228	0.0049108	0.999988	1.64607	
0	0	0	1	
16
0.998654	0.0518611	-0.000610705	-23.3111	
-0.0518632	0.998645	-0.00430542	4.16265	
0.000386594	0.00433129	0.999991	0.263072	
0	0	0	1	
15
1	1.17706e-10	-1.83829e-09	-21.0791	
-1.17706e-10	1	7.95051e-10	-3.34481	
1.83829e-09	-7.95051e-10	1	1.96508	
0	0	0	1	
14
1	8.01018e-10	1.60451e-09	-17.6506	
-8.01018e-10	1	4.83508e-10	-9.32121	
-1.60451e-09	-4.83508e-10	1	2.50754	
0	0	0	1	
13
0.998808	0.0272559	0.0404955	-15.4957	
-0.0288021	0.998859	0.0381033	-16.1265	
-0.0394108	-0.0392242	0.998453	3.24625	
0	0	0	1	
12
0.99602	0.0514977	0.0727419	-10.3331	
-0.0559517	0.996594	0.06058	-20.1606	
-0.0693744	-0.064409	0.995509	3.16781	
0	0	0	1	
11
0.977816	0.207357	-0.0296345	-3.97158	
-0.207332	0.978263	0.00396396	-23.2893	
0.0298123	0.00226813	0.999553	3.72633	
0	0	0	1	
21
0.997634	-0.0681173	-0.009344	3.89623	
0.068059	0.997661	-0.00642194	-22.8164	
0.00975958	0.0057708	0.999936	3.55466	
0	0	0	1	
22
0.995436	0.0892149	-0.0338726	10.5283	
-0.0896625	0.995901	-0.0119333	-20.892	
0.0326691	0.0149159	0.999355	3.56583	
0	0	0	1	
23
0.991587	-0.113454	0.0623217	16.196	
0.109006	0.991526	0.07067	-17.1187	
-0.0698114	-0.063282	0.995551	3.5761	
0	0	0	1	
24
0.999384	0.00740047	0.0342936	18.9968	
-0.00674186	0.999791	-0.0192809	-11.18	
-0.0344292	0.0190378	0.999226	2.19014	
0	0	0	1	
25
0.998777	0.0405163	0.0283342	22.464	
-0.039947	0.998994	-0.0203749	-5.10822	
-0.0291312	0.0192181	0.999391	1.61031	
0	0	0	1	
26
0.999018	-0.022265	0.0382956	25.0777	
0.023523	0.999188	-0.0327197	2.28405	
-0.037536	0.0335884	0.998731	0.922752	
0	0	0	1	
27
0.998089	0.0173431	0.059303	27.8544	
-0.0152112	0.999228	-0.0362147	11.3553	
-0.0598853	0.0352434	0.997583	1.46961	
0	0	0	1	
