17
0.999795	0.0202464	-0.000388962	-26.7044	
-0.0202472	0.999793	-0.00191012	12.5627	
0.000350209	0.0019176	0.999998	1.65603	
0	0	0	1	
16
0.999794	0.0203128	-0.000212488	-22.9074	
-0.0203131	0.999792	-0.0016894	4.28476	
0.000178127	0.00169337	0.999999	0.295492	
0	0	0	1	
15
1	4.60846e-11	-7.19733e-10	-20.8079	
-4.60846e-11	1	3.1128e-10	-3.29765	
7.19733e-10	-3.1128e-10	1	2.01215	
0	0	0	1	
14
1	3.13617e-10	6.28202e-10	-17.4537	
-3.13617e-10	1	1.89304e-10	-9.33876	
-6.28202e-10	-1.89304e-10	1	2.53309	
0	0	0	1	
13
0.999817	0.0108615	0.0157343	-15.2508	
-0.0110985	0.999825	0.0150601	-16.1019	
-0.015568	-0.015232	0.999763	3.45885	
0	0	0	1	
12
0.999389	0.0207281	0.028126	-10.0447	
-0.0214114	0.999477	0.0242154	-20.0323	
-0.0276093	-0.0248028	0.999311	3.37408	
0	0	0	1	
11
0.996589	0.0816946	-0.0116972	-4.05621	
-0.0816907	0.996657	0.000813238	-23.3685	
0.0117245	0.000145088	0.999931	3.77675	
0	0	0	1	
21
0.999637	-0.0266805	-0.0037104	3.86072	
0.0266716	0.999641	-0.0024384	-22.7262	
0.00377413	0.00233855	0.99999	3.55071	
0	0	0	1	
22
0.9993	0.035029	-0.0131357	10.3821	
-0.0350977	0.999371	-0.0050342	-20.6151	
0.0129511	0.00549171	0.999901	3.66219	
0	0	0	1	
23
0.998708	-0.0440222	0.0253698	15.9991	
0.0433392	0.998699	0.026869	-16.9043	
-0.0265197	-0.0257348	0.999317	3.64462	
0	0	0	1	
24
0.999906	0.00281963	0.0134459	18.6989	
-0.00271866	0.999968	-0.00752164	-11.0122	
-0.0134667	0.00748438	0.999881	2.1856	
0	0	0	1	
25
0.999812	0.0158016	0.0111929	22.2042	
-0.0157143	0.999846	-0.00784256	-4.94755	
-0.0113151	0.0076652	0.999907	1.57496	
0	0	0	1	
26
0.999849	-0.00887095	0.0149095	24.745	
0.00906383	0.999875	-0.0129196	2.46895	
-0.0147931	0.0130528	0.999805	0.85872	
0	0	0	1	
27
0.999707	0.00654093	0.0233046	27.6939	
-0.006214	0.999882	-0.0140733	11.4404	
-0.0233939	0.0139243	0.999629	1.43465	
0	0	0	1	
