17
0.999946	0.0103885	-0.000194734	-26.6689	
-0.0103887	0.999946	-0.000981011	12.5724	
0.000184532	0.000982981	0.999999	1.65915	
0	0	0	1	
16
0.999946	0.0104225	-0.000104734	-22.7809	
-0.0104226	0.999945	-0.000867319	4.32302	
9.56888e-05	0.000868364	1	0.30565	
0	0	0	1	
15
1	2.36446e-11	-3.69273e-10	-20.723	
-2.36446e-11	1	1.59709e-10	-3.28287	
3.69273e-10	-1.59709e-10	1	2.0269	
0	0	0	1	
14
1	1.60907e-10	3.22312e-10	-17.392	
-1.60907e-10	1	9.71263e-11	-9.34426	
-3.22312e-10	-9.71263e-11	1	2.54109	
0	0	0	1	
13
0.999952	0.00560271	0.00805261	-15.174	
-0.00566513	0.999954	0.00774892	-16.0943	
-0.00800882	-0.00779417	0.999938	3.52547	
0	0	0	1	
12
0.999839	0.0107227	0.0143693	-9.95429	
-0.0109026	0.999862	0.0125004	-19.9921	
-0.0142332	-0.012655	0.999819	3.4387	
0	0	0	1	
11
0.999102	0.0419497	-0.00600994	-4.08272	
-0.0419487	0.99912	0.000297736	-23.3933	
0.00601714	-4.53594e-05	0.999982	3.79254	
0	0	0	1	
21
0.999904	-0.0136891	-0.00191183	3.8496	
0.0136867	0.999906	-0.00123871	-22.6979	
0.0019286	0.00121242	0.999997	3.54947	
0	0	0	1	
22
0.999816	0.0179841	-0.00671767	10.3363	
-0.0180022	0.999834	-0.00264051	-20.5283	
0.00666907	0.00276096	0.999974	3.69239	
0	0	0	1	
23
0.99966	-0.0225102	0.0131655	15.9374	
0.0223304	0.999657	0.0136495	-16.8371	
-0.0134682	-0.0133508	0.99982	3.66608	
0	0	0	1	
24
0.999975	0.0014341	0.0069015	18.6056	
-0.00140752	0.999992	-0.00385459	-10.9597	
-0.00690697	0.00384478	0.999969	2.18418	
0	0	0	1	
25
0.999951	0.00809684	0.00575832	22.1227	
-0.00807386	0.999959	-0.00400184	-4.8972	
-0.00579049	0.00395515	0.999975	1.56388	
0	0	0	1	
26
0.99996	-0.00457578	0.00763553	24.6407	
0.00462655	0.999967	-0.00664567	2.52689	
-0.00760487	0.00668073	0.999949	0.838658	
0	0	0	1	
27
0.999923	0.00331543	0.0119692	27.6436	
-0.00322937	0.999969	-0.00720266	11.4671	
-0.0119927	0.00716345	0.999902	1.4237	
0	0	0	1	
