17
0.998338	0.0576116	-0.00120871	-26.839	
-0.0576173	0.998324	-0.00541578	12.526	
0.000894677	0.00547642	0.999985	1.6442	
0	0	0	1	
16
0.998328	0.0578013	-0.000694986	-23.3872	
-0.057804	0.998316	-0.00479692	4.13964	
0.000416548	0.00482907	0.999988	0.256962	
0	0	0	1	
15
1	1.31203e-10	-2.04908e-09	-21.1302	
-1.31203e-10	1	8.86216e-10	-3.3537	
2.04908e-09	-8.86216e-10	1	1.95621	
0	0	0	1	
14
1	8.92868e-10	1.78849e-09	-17.6877	
-8.92868e-10	1	5.3895e-10	-9.3179	
-1.78849e-09	-5.3895e-10	1	2.50273	
0	0	0	1	
13
0.998519	0.0302775	0.0452013	-15.5419	
-0.0321986	0.998582	0.0423941	-16.1311	
-0.0438536	-0.0437867	0.998078	3.20619	
0	0	0	1	
12
0.995057	0.05709	0.0812596	-10.3874	
-0.0626227	0.995769	0.0672489	-20.1848	
-0.0770766	-0.0720052	0.994422	3.12894	
0	0	0	1	
11
0.972462	0.230719	-0.0329615	-3.95563	
-0.230687	0.973016	0.00481158	-23.2744	
0.0331822	0.00292471	0.999445	3.71683	
0	0	0	1	
21
0.99706	-0.0759172	-0.0103868	3.90292	
0.0758447	0.997094	-0.00719858	-22.8334	
0.0109032	0.00638963	0.99992	3.55541	
0	0	0	1	
22
0.994331	0.0993787	-0.0378194	10.5558	
-0.0999348	0.994908	-0.0131057	-20.9442	
0.0363244	0.0168109	0.999199	3.54767	
0	0	0	1	
23
0.989551	-0.126639	0.0689276	16.2331	
0.121115	0.989476	0.079179	-17.159	
-0.0782294	-0.0700036	0.994475	3.56319	
0	0	0	1	
24
0.999235	0.00829062	0.0382148	19.053	
-0.00747234	0.999741	-0.0215059	-11.2117	
-0.0383832	0.0212039	0.999038	2.19099	
0	0	0	1	
25
0.998481	0.0451933	0.0315286	22.513	
-0.0444861	0.99875	-0.0227825	-5.1385	
-0.0325188	0.0213453	0.999243	1.61697	
0	0	0	1	
26
0.99878	-0.0247345	0.0427301	25.1404	
0.0262975	0.998991	-0.0364115	2.2492	
-0.0417863	0.0374907	0.998423	0.934818	
0	0	0	1	
27
0.997626	0.0194642	0.0660521	27.8846	
-0.0168155	0.999041	-0.0404211	11.3392	
-0.0667756	0.0392144	0.996997	1.4762	
0	0	0	1	
