17
0.997715	0.0675423	-0.00144888	-26.8749	
-0.0675502	0.997696	-0.00634323	12.5162	
0.0010171	0.00642661	0.999979	1.64105	
0	0	0	1	
16
0.997701	0.067765	-0.000842986	-23.5149	
-0.0677687	0.997685	-0.00562057	4.10102	
0.000460157	0.00566478	0.999984	0.246709	
0	0	0	1	
15
1	1.53852e-10	-2.40281e-09	-21.216	
-1.53852e-10	1	1.0392e-09	-3.36861	
2.40281e-09	-1.0392e-09	1	1.94133	
0	0	0	1	
14
1	1.047e-09	2.09724e-09	-17.75	
-1.047e-09	1	6.31988e-10	-9.31235	
-2.09724e-09	-6.31988e-10	1	2.49465	
0	0	0	1	
13
0.997964	0.0352991	0.0531249	-15.6194	
-0.0379402	0.99805	0.0495565	-16.1388	
-0.051272	-0.0514712	0.997357	3.13895	
0	0	0	1	
12
0.993206	0.0663224	0.0956237	-10.4786	
-0.0739266	0.994185	0.0783027	-20.2253	
-0.0898744	-0.0848399	0.992333	3.06371	
0	0	0	1	
11
0.962199	0.269612	-0.0384951	-3.92887	
-0.269569	0.96296	0.0064122	-23.2494	
0.038798	0.00420727	0.999238	3.70089	
0	0	0	1	
21
0.995958	-0.0889971	-0.0121231	3.91414	
0.0888975	0.996004	-0.0085201	-22.8619	
0.0128329	0.00740794	0.99989	3.55666	
0	0	0	1	
22
0.992207	0.116394	-0.0444677	10.602	
-0.117158	0.993	-0.0149814	-21.0318	
0.0424127	0.0200744	0.998898	3.51719	
0	0	0	1	
23
0.985644	-0.148816	0.079747	16.2954	
0.141225	0.98554	0.0936257	-17.2268	
-0.0925268	-0.0810194	0.992409	3.54152	
0	0	0	1	
24
0.998948	0.00980347	0.0447892	19.1472	
-0.00867836	0.999644	-0.0252459	-11.2647	
-0.0450208	0.0248306	0.998677	2.19243	
0	0	0	1	
25
0.997911	0.053055	0.0368629	22.5952	
-0.0520826	0.998282	-0.0268551	-5.18932	
-0.0382243	0.0248791	0.998959	1.62815	
0	0	0	1	
26
0.998323	-0.0288392	0.0501902	25.2457	
0.0309881	0.998612	-0.0425777	2.19073	
-0.0488926	0.0440616	0.997832	0.955068	
0	0	0	1	
27
0.996737	0.0230836	0.0773507	27.9354	
-0.0194422	0.998682	-0.0475024	11.3123	
-0.0783453	0.0458435	0.995872	1.48726	
0	0	0	1	
