17
0.998985	0.0450443	-0.000918226	-26.7937	
-0.0450478	0.998976	-0.00423953	12.5383	
0.000726319	0.00427658	0.999991	1.64818	
0	0	0	1	
16
0.998978	0.0451924	-0.000519605	-23.2257	
-0.0451941	0.998971	-0.00375324	4.18847	
0.000349453	0.00377289	0.999993	0.269928	
0	0	0	1	
15
1	1.02559e-10	-1.60173e-09	-21.0218	
-1.02559e-10	1	6.92741e-10	-3.33484	
1.60173e-09	-6.92741e-10	1	1.97504	
0	0	0	1	
14
1	6.9794e-10	1.39804e-09	-17.609	
-6.9794e-10	1	4.21288e-10	-9.32492	
-1.39804e-09	-4.21288e-10	1	2.51295	
0	0	0	1	
13
0.999095	0.0238389	0.0352291	-15.4439	
-0.0250129	0.999133	0.0332681	-16.1213	
-0.0344055	-0.0341191	0.998825	3.29121	
0	0	0	1	
12
0.996978	0.0451425	0.0632223	-10.2721	
-0.0485247	0.997414	0.0530247	-20.1334	
-0.0606652	-0.0559323	0.99659	3.21143	
0	0	0	1	
11
0.983143	0.180996	-0.0258774	-3.98948	
-0.180977	0.983482	0.00310793	-23.3061	
0.0260125	0.00162767	0.99966	3.73699	
0	0	0	1	
21
0.998203	-0.0593598	-0.00816646	3.88872	
0.0593156	0.998224	-0.00556008	-22.7973	
0.008482	0.00506569	0.999951	3.55382	
0	0	0	1	
22
0.996535	0.0777886	-0.0294572	10.4974	
-0.0781285	0.996887	-0.010569	-20.8334	
0.0285434	0.0128339	0.99951	3.58621	
0	0	0	1	
23
0.99361	-0.0986891	0.0547701	16.1543	
0.0953103	0.993564	0.0612131	-17.0733	
-0.0604586	-0.0556018	0.996621	3.59059	
0	0	0	1	
24
0.999533	0.00641163	0.0298901	18.9338	
-0.00591161	0.999842	-0.0167872	-11.1446	
-0.029993	0.0166027	0.999412	2.18918	
0	0	0	1	
25
0.999071	0.0352746	0.0247355	22.4091	
-0.0348424	0.999236	-0.0176901	-5.07424	
-0.0253407	0.0168118	0.999537	1.60283	
0	0	0	1	
26
0.999255	-0.0194728	0.0333291	25.0074	
0.0204279	0.999383	-0.0285614	2.32315	
-0.0327523	0.029221	0.999036	0.90921	
0	0	0	1	
27
0.998549	0.0149948	0.0517149	27.8204	
-0.0133761	0.999414	-0.0315064	11.3733	
-0.052157	0.0307689	0.998165	1.46222	
0	0	0	1	
