-1.365950593026354909e-04 -4.788454156368970871e-03 -3.340340033173561096e-02 1.246309280395507812e-02 3.150749206542968750e-02 -1.474499702453613281e-02
-1.001316402107477188e-02 1.138527318835258484e-02 -8.608080446720123291e-03 -7.487583160400390625e-02 -3.303146362304687500e-02 -5.440092086791992188e-02
-6.186610087752342224e-03 6.392953451722860336e-03 -4.484883975237607956e-03 -6.518268585205078125e-02 -5.844116210937500000e-03 -5.386614799499511719e-02
0.000000000000000000e+00 0.000000000000000000e+00 0.000000000000000000e+00 -5.170059204101562500e-02 4.610061645507812500e-03 -6.710052490234375000e-03
0.000000000000000000e+00 0.000000000000000000e+00 0.000000000000000000e+00 -7.130050659179687500e-02 -1.238989830017089844e-02 -1.235997676849365234e-02
6.908462964929640293e-04 -7.978174107847735286e-05 -8.296826854348182678e-03 -1.067867279052734375e-01 -3.554773330688476562e-02 -8.543998003005981445e-03
7.817248697392642498e-04 -1.509505091235041618e-04 -8.269825018942356110e-03 -3.092002868652343750e-02 -5.814552307128906250e-03 -2.778887748718261719e-03
9.756286162883043289e-04 -1.528617343865334988e-03 1.089643873274326324e-02 1.202034950256347656e-02 -2.506446838378906250e-02 6.077289581298828125e-04
2.150024985894560814e-03 -5.328550003468990326e-03 -1.432410441339015961e-02 3.798770904541015625e-02 -7.310485839843750000e-02 -2.527856826782226562e-02
-1.074820291250944138e-02 1.060226932168006897e-02 1.785000227391719818e-02 5.331611633300781250e-02 -5.543518066406250000e-02 -1.761054992675781250e-02
3.064489457756280899e-03 5.496111232787370682e-03 -1.131033408455550671e-03 7.767868041992187500e-02 -4.345607757568359375e-02 2.647638320922851562e-03
3.167123766615986824e-03 4.596709273755550385e-03 -6.436312571167945862e-03 6.841087341308593750e-02 -3.947496414184570312e-02 1.131248474121093750e-02
5.304268095642328262e-03 6.066133733838796616e-03 3.662889124825596809e-03 8.639526367187500000e-02 -5.049967765808105469e-02 2.157348394393920898e-02
5.718184169381856918e-03 9.537651203572750092e-03 -2.605023793876171112e-03 4.208755493164062500e-02 -2.214431762695312500e-02 9.882211685180664062e-03
5.441310349851846695e-03 -2.324690576642751694e-03 2.765074744820594788e-02 -3.256750106811523438e-02 1.110839843750000000e-02 -4.262852668762207031e-02
5.543836392462253571e-03 -1.459798775613307953e-03 4.929041955620050430e-03 -2.310562133789062500e-02 3.166198730468750000e-02 -1.448273658752441406e-02
1.511785294860601425e-02 -1.009935163892805576e-03 1.969566009938716888e-02 -1.222419738769531250e-02 3.283882141113281250e-02 3.662729263305664062e-02
-6.725233048200607300e-03 1.010277494788169861e-02 -7.514279568567872047e-04 -1.735687255859375000e-03 3.643035888671875000e-03 4.115104675292968750e-04
2.874454017728567123e-03 7.994469255208969116e-03 1.217575185000896454e-02 1.671981811523437500e-02 9.760379791259765625e-03 2.136707305908203125e-03
-2.100805984809994698e-03 7.003332138992846012e-04 -1.941314782015979290e-03 -1.596450805664062500e-03 8.317112922668457031e-03 1.520085334777832031e-02
-4.111189395189285278e-03 1.864961581304669380e-03 1.350379781797528267e-03 2.929687500000000000e-03 5.461692810058593750e-03 1.126050949096679688e-03
7.073564454913139343e-03 1.352850906550884247e-02 -3.615997731685638428e-02 -2.856779098510742188e-02 -1.093482971191406250e-02 -4.546856880187988281e-02
1.083328388631343842e-02 -1.050343504175543785e-03 -3.521494800224900246e-04 -4.359722137451171875e-02 -1.109504699707031250e-02 -5.933260917663574219e-02
2.128398418426513672e-02 -8.064903318881988525e-03 -1.718888408504426479e-03 -2.105903625488281250e-02 -1.968383789062500000e-03 -5.620694160461425781e-02
0.000000000000000000e+00 0.000000000000000000e+00 0.000000000000000000e+00 -5.920028686523437500e-02 -4.660034179687500000e-02 -1.445007324218750000e-02
2.927785972133278847e-03 1.893355743959546089e-03 -8.249963633716106415e-03 -8.255767822265625000e-02 -5.500268936157226562e-02 -1.227807998657226562e-02
0.000000000000000000e+00 0.000000000000000000e+00 0.000000000000000000e+00 0.000000000000000000e+00 0.000000000000000000e+00 0.000000000000000000e+00
-1.800771243870258331e-02 -6.078217644244432449e-03 -2.134628361091017723e-03 -9.392738342285156250e-02 2.573680877685546875e-01 5.674076080322265625e-02
