0.000000000000000000e+00 0.000000000000000000e+00 0.000000000000000000e+00 0.000000000000000000e+00 0.000000000000000000e+00 0.000000000000000000e+00
0.000000000000000000e+00 0.000000000000000000e+00 0.000000000000000000e+00 0.000000000000000000e+00 0.000000000000000000e+00 0.000000000000000000e+00
0.000000000000000000e+00 0.000000000000000000e+00 0.000000000000000000e+00 0.000000000000000000e+00 0.000000000000000000e+00 0.000000000000000000e+00
0.000000000000000000e+00 0.000000000000000000e+00 0.000000000000000000e+00 0.000000000000000000e+00 0.000000000000000000e+00 0.000000000000000000e+00
0.000000000000000000e+00 0.000000000000000000e+00 0.000000000000000000e+00 0.000000000000000000e+00 0.000000000000000000e+00 0.000000000000000000e+00
0.000000000000000000e+00 0.000000000000000000e+00 0.000000000000000000e+00 0.000000000000000000e+00 0.000000000000000000e+00 0.000000000000000000e+00
0.000000000000000000e+00 0.000000000000000000e+00 0.000000000000000000e+00 0.000000000000000000e+00 0.000000000000000000e+00 0.000000000000000000e+00
0.000000000000000000e+00 0.000000000000000000e+00 0.000000000000000000e+00 0.000000000000000000e+00 0.000000000000000000e+00 0.000000000000000000e+00
0.000000000000000000e+00 0.000000000000000000e+00 0.000000000000000000e+00 0.000000000000000000e+00 0.000000000000000000e+00 0.000000000000000000e+00
0.000000000000000000e+00 0.000000000000000000e+00 0.000000000000000000e+00 0.000000000000000000e+00 0.000000000000000000e+00 0.000000000000000000e+00
0.000000000000000000e+00 0.000000000000000000e+00 0.000000000000000000e+00 0.000000000000000000e+00 0.000000000000000000e+00 0.000000000000000000e+00
0.000000000000000000e+00 0.000000000000000000e+00 0.000000000000000000e+00 0.000000000000000000e+00 0.000000000000000000e+00 0.000000000000000000e+00
0.000000000000000000e+00 0.000000000000000000e+00 0.000000000000000000e+00 0.000000000000000000e+00 0.000000000000000000e+00 0.000000000000000000e+00
0.000000000000000000e+00 0.000000000000000000e+00 0.000000000000000000e+00 0.000000000000000000e+00 0.000000000000000000e+00 0.000000000000000000e+00
1.167922979220747948e-03 -4.989600274711847305e-04 5.934855900704860687e-03 -6.857395172119140625e-03 3.446578979492187500e-03 -9.089469909667968750e-03
1.189940143376588821e-03 -3.132886777166277170e-04 1.058029010891914368e-03 -4.761695861816406250e-03 6.921768188476562500e-03 -3.317832946777343750e-03
3.245130414143204689e-03 -2.167514467146247625e-04 4.227786324918270111e-03 -1.717567443847656250e-03 8.493423461914062500e-03 7.228374481201171875e-03
-1.443560118786990643e-03 2.168635604903101921e-03 -1.612387713976204395e-04 -4.825592041015625000e-04 7.658004760742187500e-04 1.111030578613281250e-04
6.170040578581392765e-04 1.715942518785595894e-03 2.613480901345610619e-03 3.644943237304687500e-03 1.864433288574218750e-03 5.817413330078125000e-04
-4.508719430305063725e-04 1.503005769336596131e-04 -4.167594597674906254e-04 -4.062652587890625000e-04 1.732707023620605469e-03 3.295183181762695312e-03
-8.824840770103037357e-04 4.002750501967966557e-04 2.898071252275258303e-04 6.332397460937500000e-04 1.223564147949218750e-03 2.965927124023437500e-04
1.518252538517117500e-03 2.903793705627322197e-03 -7.761455141007900238e-03 -4.571437835693359375e-03 -4.186630249023437500e-03 -1.013588905334472656e-02
2.325574168935418129e-03 -2.254638529848307371e-04 -7.554644980700686574e-05 -9.437561035156250000e-03 -3.330230712890625000e-03 -1.252651214599609375e-02
4.567991476505994797e-03 -1.731024472974240780e-03 -3.689821460284292698e-04 -5.215644836425781250e-03 -2.153396606445312500e-03 -1.179552078247070312e-02
0.000000000000000000e+00 0.000000000000000000e+00 0.000000000000000000e+00 -1.280021667480468750e-02 -1.000022888183593750e-02 -3.099918365478515625e-03
6.284834234975278378e-04 4.063921805936843157e-04 -1.770831528119742870e-03 -1.701354980468750000e-02 -1.292943954467773438e-02 -2.631187438964843750e-03
0.000000000000000000e+00 0.000000000000000000e+00 0.000000000000000000e+00 0.000000000000000000e+00 0.000000000000000000e+00 0.000000000000000000e+00
-3.865029430016875267e-03 -1.304667443037033081e-03 -4.581826797220855951e-04 -2.062606811523437500e-02 5.383014678955078125e-02 2.027225494384765625e-02
