0.000000000000000000e+00 0.000000000000000000e+00 0.000000000000000000e+00 0.000000000000000000e+00 0.000000000000000000e+00 0.000000000000000000e+00
0.000000000000000000e+00 0.000000000000000000e+00 0.000000000000000000e+00 0.000000000000000000e+00 0.000000000000000000e+00 0.000000000000000000e+00
0.000000000000000000e+00 0.000000000000000000e+00 0.000000000000000000e+00 0.000000000000000000e+00 0.000000000000000000e+00 0.000000000000000000e+00
0.000000000000000000e+00 0.000000000000000000e+00 0.000000000000000000e+00 0.000000000000000000e+00 0.000000000000000000e+00 0.000000000000000000e+00
0.000000000000000000e+00 0.000000000000000000e+00 0.000000000000000000e+00 0.000000000000000000e+00 0.000000000000000000e+00 0.000000000000000000e+00
0.000000000000000000e+00 0.000000000000000000e+00 0.000000000000000000e+00 0.000000000000000000e+00 0.000000000000000000e+00 0.000000000000000000e+00
0.000000000000000000e+00 0.000000000000000000e+00 0.000000000000000000e+00 0.000000000000000000e+00 0.000000000000000000e+00 0.000000000000000000e+00
0.000000000000000000e+00 0.000000000000000000e+00 0.000000000000000000e+00 0.000000000000000000e+00 0.000000000000000000e+00 0.000000000000000000e+00
0.000000000000000000e+00 0.000000000000000000e+00 0.000000000000000000e+00 0.000000000000000000e+00 0.000000000000000000e+00 0.000000000000000000e+00
0.000000000000000000e+00 0.000000000000000000e+00 0.000000000000000000e+00 0.000000000000000000e+00 0.000000000000000000e+00 0.000000000000000000e+00
0.000000000000000000e+00 0.000000000000000000e+00 0.000000000000000000e+00 0.000000000000000000e+00 0.000000000000000000e+00 0.000000000000000000e+00
0.000000000000000000e+00 0.000000000000000000e+00 0.000000000000000000e+00 0.000000000000000000e+00 0.000000000000000000e+00 0.000000000000000000e+00
0.000000000000000000e+00 0.000000000000000000e+00 0.000000000000000000e+00 0.000000000000000000e+00 0.000000000000000000e+00 0.000000000000000000e+00
0.000000000000000000e+00 0.000000000000000000e+00 0.000000000000000000e+00 0.000000000000000000e+00 0.000000000000000000e+00 0.000000000000000000e+00
2.420146483927965164e-03 -1.034030923619866371e-03 1.229890249669551849e-02 -1.429462432861328125e-02 6.523132324218750000e-03 -1.886677742004394531e-02
2.465833909809589386e-03 -6.492718239314854145e-04 2.192437881603837013e-03 -9.986877441406250000e-03 1.423835754394531250e-02 -6.744146347045898438e-03
6.724222563207149506e-03 -4.491841827984899282e-04 8.760889992117881775e-03 -4.042625427246093750e-03 1.673507690429687500e-02 1.535511016845703125e-02
-2.991401823237538338e-03 4.493617918342351913e-03 -3.341324918437749147e-04 -7.629394531250000000e-04 1.630783081054687500e-03 2.346038818359375000e-04
1.278547453694045544e-03 3.555804258212447166e-03 5.415178835391998291e-03 7.587432861328125000e-03 4.002094268798828125e-03 1.140117645263671875e-03
-9.344073478132486343e-04 3.114865103270858526e-04 -8.634331170469522476e-04 -7.934570312500000000e-04 3.621280193328857422e-03 6.809711456298828125e-03
-1.828653272241353989e-03 8.295185398310422897e-04 6.006048060953617096e-04 1.253128051757812500e-03 2.433776855468750000e-03 5.865097045898437500e-04
3.146286588162183762e-03 6.017319858074188232e-03 -1.608362980186939240e-02 -1.039433479309082031e-02 -7.621765136718750000e-03 -2.079844474792480469e-02
4.818607587367296219e-03 -4.671833012253046036e-04 -1.566583232488483191e-04 -1.951551437377929688e-02 -6.401062011718750000e-03 -2.607917785644531250e-02
9.467258118093013763e-03 -3.587186336517333984e-03 -7.644734578207135201e-04 -1.040935516357421875e-02 -3.515243530273437500e-03 -2.460312843322753906e-02
0.000000000000000000e+00 0.000000000000000000e+00 0.000000000000000000e+00 -2.639961242675781250e-02 -2.070045471191406250e-02 -6.419897079467773438e-03
1.302283955737948418e-03 8.421711972914636135e-04 -3.669459139928221703e-03 -3.556823730468750000e-02 -2.613973617553710938e-02 -5.462646484375000000e-03
0.000000000000000000e+00 0.000000000000000000e+00 0.000000000000000000e+00 0.000000000000000000e+00 0.000000000000000000e+00 0.000000000000000000e+00
-8.009724318981170654e-03 -2.703587524592876434e-03 -9.493942488916218281e-04 -4.261970520019531250e-02 1.124382019042968750e-01 3.727698326110839844e-02
