0.000000000000000000e+00 0.000000000000000000e+00 0.000000000000000000e+00 0.000000000000000000e+00 0.000000000000000000e+00 0.000000000000000000e+00
0.000000000000000000e+00 0.000000000000000000e+00 0.000000000000000000e+00 0.000000000000000000e+00 0.000000000000000000e+00 0.000000000000000000e+00
0.000000000000000000e+00 0.000000000000000000e+00 0.000000000000000000e+00 0.000000000000000000e+00 0.000000000000000000e+00 0.000000000000000000e+00
0.000000000000000000e+00 0.000000000000000000e+00 0.000000000000000000e+00 0.000000000000000000e+00 0.000000000000000000e+00 0.000000000000000000e+00
0.000000000000000000e+00 0.000000000000000000e+00 0.000000000000000000e+00 0.000000000000000000e+00 0.000000000000000000e+00 0.000000000000000000e+00
0.000000000000000000e+00 0.000000000000000000e+00 0.000000000000000000e+00 0.000000000000000000e+00 0.000000000000000000e+00 0.000000000000000000e+00
0.000000000000000000e+00 0.000000000000000000e+00 0.000000000000000000e+00 0.000000000000000000e+00 0.000000000000000000e+00 0.000000000000000000e+00
0.000000000000000000e+00 0.000000000000000000e+00 0.000000000000000000e+00 0.000000000000000000e+00 0.000000000000000000e+00 0.000000000000000000e+00
0.000000000000000000e+00 0.000000000000000000e+00 0.000000000000000000e+00 0.000000000000000000e+00 0.000000000000000000e+00 0.000000000000000000e+00
0.000000000000000000e+00 0.000000000000000000e+00 0.000000000000000000e+00 0.000000000000000000e+00 0.000000000000000000e+00 0.000000000000000000e+00
0.000000000000000000e+00 0.000000000000000000e+00 0.000000000000000000e+00 0.000000000000000000e+00 0.000000000000000000e+00 0.000000000000000000e+00
0.000000000000000000e+00 0.000000000000000000e+00 0.000000000000000000e+00 0.000000000000000000e+00 0.000000000000000000e+00 0.000000000000000000e+00
0.000000000000000000e+00 0.000000000000000000e+00 0.000000000000000000e+00 0.000000000000000000e+00 0.000000000000000000e+00 0.000000000000000000e+00
0.000000000000000000e+00 0.000000000000000000e+00 0.000000000000000000e+00 0.000000000000000000e+00 0.000000000000000000e+00 0.000000000000000000e+00
1.682168920524418354e-03 -7.186413859017193317e-04 8.547778241336345673e-03 -9.903192520141601562e-03 4.770278930664062500e-03 -1.310110092163085938e-02
1.713798963464796543e-03 -4.512457526288926601e-04 1.523758866824209690e-03 -6.891727447509765625e-03 9.897232055664062500e-03 -4.736185073852539062e-03
4.673068877309560776e-03 -3.122494381386786699e-04 6.088678259402513504e-03 -2.644538879394531250e-03 1.191329956054687500e-02 1.052331924438476562e-02
-2.079079858958721161e-03 3.123292699456214905e-03 -2.321246574865654111e-04 -5.588531494140625000e-04 1.110076904296875000e-03 1.621246337890625000e-04
8.886413415893912315e-04 2.471370156854391098e-03 3.764531807973980904e-03 5.298614501953125000e-03 2.716541290283203125e-03 8.206367492675781250e-04
-6.493703112937510014e-04 2.165064506698399782e-04 -6.001555011607706547e-04 -5.455017089843750000e-04 2.504885196685791016e-03 4.729509353637695312e-03
-1.270898035727441311e-03 5.765857640653848648e-04 4.174291680101305246e-04 9.002685546875000000e-04 1.704216003417968750e-03 4.160404205322265625e-04
2.186746802181005478e-03 4.182251170277595520e-03 -1.117837335914373398e-02 -6.835699081420898438e-03 -5.723953247070312500e-03 -1.455640792846679688e-02
3.349437145516276360e-03 -3.247353306505829096e-04 -1.088393910322338343e-04 -1.359224319458007812e-02 -4.640579223632812500e-03 -1.806902885437011719e-02
6.579737178981304169e-03 -2.493182430043816566e-03 -5.313500296324491501e-04 -7.366180419921875000e-03 -2.861022949218750000e-03 -1.702880859375000000e-02
0.000000000000000000e+00 0.000000000000000000e+00 0.000000000000000000e+00 -1.830005645751953125e-02 -1.439952850341796875e-02 -4.470109939575195312e-03
9.050930384546518326e-04 5.853481707163155079e-04 -2.550449687987565994e-03 -2.461433410644531250e-02 -1.844310760498046875e-02 -3.790378570556640625e-03
0.000000000000000000e+00 0.000000000000000000e+00 0.000000000000000000e+00 0.000000000000000000e+00 0.000000000000000000e+00 0.000000000000000000e+00
-5.566867999732494354e-03 -1.879058661870658398e-03 -6.599590415135025978e-04 -2.972412109375000000e-02 7.780742645263671875e-02 2.784824371337890625e-02
