0.000000000000000000e+00 0.000000000000000000e+00 0.000000000000000000e+00 0.000000000000000000e+00 0.000000000000000000e+00 0.000000000000000000e+00
0.000000000000000000e+00 0.000000000000000000e+00 0.000000000000000000e+00 0.000000000000000000e+00 0.000000000000000000e+00 0.000000000000000000e+00
0.000000000000000000e+00 0.000000000000000000e+00 0.000000000000000000e+00 0.000000000000000000e+00 0.000000000000000000e+00 0.000000000000000000e+00
0.000000000000000000e+00 0.000000000000000000e+00 0.000000000000000000e+00 0.000000000000000000e+00 0.000000000000000000e+00 0.000000000000000000e+00
0.000000000000000000e+00 0.000000000000000000e+00 0.000000000000000000e+00 0.000000000000000000e+00 0.000000000000000000e+00 0.000000000000000000e+00
0.000000000000000000e+00 0.000000000000000000e+00 0.000000000000000000e+00 0.000000000000000000e+00 0.000000000000000000e+00 0.000000000000000000e+00
0.000000000000000000e+00 0.000000000000000000e+00 0.000000000000000000e+00 0.000000000000000000e+00 0.000000000000000000e+00 0.000000000000000000e+00
0.000000000000000000e+00 0.000000000000000000e+00 0.000000000000000000e+00 0.000000000000000000e+00 0.000000000000000000e+00 0.000000000000000000e+00
0.000000000000000000e+00 0.000000000000000000e+00 0.000000000000000000e+00 0.000000000000000000e+00 0.000000000000000000e+00 0.000000000000000000e+00
0.000000000000000000e+00 0.000000000000000000e+00 0.000000000000000000e+00 0.000000000000000000e+00 0.000000000000000000e+00 0.000000000000000000e+00
0.000000000000000000e+00 0.000000000000000000e+00 0.000000000000000000e+00 0.000000000000000000e+00 0.000000000000000000e+00 0.000000000000000000e+00
0.000000000000000000e+00 0.000000000000000000e+00 0.000000000000000000e+00 0.000000000000000000e+00 0.000000000000000000e+00 0.000000000000000000e+00
0.000000000000000000e+00 0.000000000000000000e+00 0.000000000000000000e+00 0.000000000000000000e+00 0.000000000000000000e+00 0.000000000000000000e+00
0.000000000000000000e+00 0.000000000000000000e+00 0.000000000000000000e+00 0.000000000000000000e+00 0.000000000000000000e+00 0.000000000000000000e+00
2.144299214705824852e-03 -9.160686167888343334e-04 1.089644990861415863e-02 -1.265287399291992188e-02 5.929946899414062500e-03 -1.671171188354492188e-02
2.184722106903791428e-03 -5.752797587774693966e-04 1.942416420206427574e-03 -8.824825286865234375e-03 1.255035400390625000e-02 -5.993843078613281250e-03
5.957521498203277588e-03 -3.980368783231824636e-04 7.761188317090272903e-03 -3.520011901855468750e-03 1.502609252929687500e-02 1.352167129516601562e-02
-2.650209236890077591e-03 3.981340676546096802e-03 -2.960301935672760010e-04 -7.247924804687500000e-04 1.359939575195312500e-03 1.997947692871093750e-04
1.132852397859096527e-03 3.150436328724026680e-03 4.798866342753171921e-03 6.807327270507812500e-03 3.511905670166015625e-03 1.021862030029296875e-03
-8.278490277007222176e-04 2.760142670013010502e-04 -7.650891202501952648e-04 -6.771087646484375000e-04 3.201723098754882812e-03 6.019115447998046875e-03
-1.620058901607990265e-03 7.349703810177743435e-04 5.321440403349697590e-04 1.171112060546875000e-03 2.197265625000000000e-03 5.135536193847656250e-04
2.787522273138165474e-03 5.331154912710189819e-03 -1.425013225525617599e-02 -9.028196334838867188e-03 -6.956100463867187500e-03 -1.847767829895019531e-02
4.269218072295188904e-03 -4.139012598898261786e-04 -1.387635275023058057e-04 -1.730442047119140625e-02 -5.716323852539062500e-03 -2.308320999145507812e-02
8.387469686567783356e-03 -3.178179031237959862e-03 -6.773498025722801685e-04 -9.235382080078125000e-03 -3.353118896484375000e-03 -2.176141738891601562e-02
0.000000000000000000e+00 0.000000000000000000e+00 0.000000000000000000e+00 -2.330017089843750000e-02 -1.840019226074218750e-02 -5.700111389160156250e-03
1.153817051090300083e-03 7.461101049557328224e-04 -3.251231042668223381e-03 -3.151702880859375000e-02 -2.329301834106445312e-02 -4.845142364501953125e-03
0.000000000000000000e+00 0.000000000000000000e+00 0.000000000000000000e+00 0.000000000000000000e+00 0.000000000000000000e+00 0.000000000000000000e+00
-7.096394896507263184e-03 -2.395201707258820534e-03 -8.411183953285217285e-04 -3.775787353515625000e-02 9.946632385253906250e-02 3.396177291870117188e-02
