0.000000000000000000e+00 0.000000000000000000e+00 0.000000000000000000e+00 0.000000000000000000e+00 0.000000000000000000e+00 0.000000000000000000e+00
0.000000000000000000e+00 0.000000000000000000e+00 0.000000000000000000e+00 0.000000000000000000e+00 0.000000000000000000e+00 0.000000000000000000e+00
0.000000000000000000e+00 0.000000000000000000e+00 0.000000000000000000e+00 0.000000000000000000e+00 0.000000000000000000e+00 0.000000000000000000e+00
0.000000000000000000e+00 0.000000000000000000e+00 0.000000000000000000e+00 0.000000000000000000e+00 0.000000000000000000e+00 0.000000000000000000e+00
0.000000000000000000e+00 0.000000000000000000e+00 0.000000000000000000e+00 0.000000000000000000e+00 0.000000000000000000e+00 0.000000000000000000e+00
0.000000000000000000e+00 0.000000000000000000e+00 0.000000000000000000e+00 0.000000000000000000e+00 0.000000000000000000e+00 0.000000000000000000e+00
0.000000000000000000e+00 0.000000000000000000e+00 0.000000000000000000e+00 0.000000000000000000e+00 0.000000000000000000e+00 0.000000000000000000e+00
0.000000000000000000e+00 0.000000000000000000e+00 0.000000000000000000e+00 0.000000000000000000e+00 0.000000000000000000e+00 0.000000000000000000e+00
0.000000000000000000e+00 0.000000000000000000e+00 0.000000000000000000e+00 0.000000000000000000e+00 0.000000000000000000e+00 0.000000000000000000e+00
0.000000000000000000e+00 0.000000000000000000e+00 0.000000000000000000e+00 0.000000000000000000e+00 0.000000000000000000e+00 0.000000000000000000e+00
0.000000000000000000e+00 0.000000000000000000e+00 0.000000000000000000e+00 0.000000000000000000e+00 0.000000000000000000e+00 0.000000000000000000e+00
0.000000000000000000e+00 0.000000000000000000e+00 0.000000000000000000e+00 0.000000000000000000e+00 0.000000000000000000e+00 0.000000000000000000e+00
0.000000000000000000e+00 0.000000000000000000e+00 0.000000000000000000e+00 0.000000000000000000e+00 0.000000000000000000e+00 0.000000000000000000e+00
0.000000000000000000e+00 0.000000000000000000e+00 0.000000000000000000e+00 0.000000000000000000e+00 0.000000000000000000e+00 0.000000000000000000e+00
1.319023896940052509e-03 -5.635342095047235489e-04 6.703112740069627762e-03 -7.752418518066406250e-03 3.770828247070312500e-03 -1.026749610900878906e-02
1.343929092399775982e-03 -3.538850869517773390e-04 1.194811542518436909e-03 -5.382537841796875000e-03 7.675170898437500000e-03 -3.727674484252929688e-03
3.664619754999876022e-03 -2.448499144520610571e-04 4.774717614054679871e-03 -2.009391784667968750e-03 9.548187255859375000e-03 8.191585540771484375e-03
-1.630233367905020714e-03 2.448670333251357079e-03 -1.821745536290109158e-04 -4.043579101562500000e-04 8.497238159179687500e-04 1.282691955566406250e-04
6.968337693251669407e-04 1.937989494763314724e-03 2.951315836980938911e-03 4.150390625000000000e-03 2.113342285156250000e-03 6.647109985351562500e-04
-5.092621431685984135e-04 1.697689440334215760e-04 -4.706848994828760624e-04 -4.177093505859375000e-04 1.959204673767089844e-03 3.712415695190429688e-03
-9.965712670236825943e-04 4.521609225776046515e-04 3.272751928307116032e-04 6.237030029296875000e-04 1.288414001464843750e-03 3.275871276855468750e-04
1.714523648843169212e-03 3.279616357758641243e-03 -8.765377104282379150e-03 -5.219936370849609375e-03 -4.634857177734375000e-03 -1.144719123840332031e-02
2.625878201797604561e-03 -2.545889583416283131e-04 -8.533183427061885595e-05 -1.066446304321289062e-02 -3.789901733398437500e-03 -1.415205001831054688e-02
5.159359890967607498e-03 -1.954971579834818840e-03 -4.166665603406727314e-04 -5.796432495117187500e-03 -2.450942993164062500e-03 -1.332712173461914062e-02
0.000000000000000000e+00 0.000000000000000000e+00 0.000000000000000000e+00 -1.430034637451171875e-02 -1.130008697509765625e-02 -3.499984741210937500e-03
7.097200141288340092e-04 4.589933669194579124e-04 -1.999987522140145302e-03 -1.918792724609375000e-02 -1.456546783447265625e-02 -2.983093261718750000e-03
0.000000000000000000e+00 0.000000000000000000e+00 0.000000000000000000e+00 0.000000000000000000e+00 0.000000000000000000e+00 0.000000000000000000e+00
-4.365467466413974762e-03 -1.473428448662161827e-03 -5.174772813916206360e-04 -2.329063415527343750e-02 6.088447570800781250e-02 2.258467674255371094e-02
