0.000000000000000000e+00 0.000000000000000000e+00 0.000000000000000000e+00 0.000000000000000000e+00 0.000000000000000000e+00 0.000000000000000000e+00
0.000000000000000000e+00 0.000000000000000000e+00 0.000000000000000000e+00 0.000000000000000000e+00 0.000000000000000000e+00 0.000000000000000000e+00
0.000000000000000000e+00 0.000000000000000000e+00 0.000000000000000000e+00 0.000000000000000000e+00 0.000000000000000000e+00 0.000000000000000000e+00
0.000000000000000000e+00 0.000000000000000000e+00 0.000000000000000000e+00 0.000000000000000000e+00 0.000000000000000000e+00 0.000000000000000000e+00
0.000000000000000000e+00 0.000000000000000000e+00 0.000000000000000000e+00 0.000000000000000000e+00 0.000000000000000000e+00 0.000000000000000000e+00
0.000000000000000000e+00 0.000000000000000000e+00 0.000000000000000000e+00 0.000000000000000000e+00 0.000000000000000000e+00 0.000000000000000000e+00
0.000000000000000000e+00 0.000000000000000000e+00 0.000000000000000000e+00 0.000000000000000000e+00 0.000000000000000000e+00 0.000000000000000000e+00
0.000000000000000000e+00 0.000000000000000000e+00 0.000000000000000000e+00 0.000000000000000000e+00 0.000000000000000000e+00 0.000000000000000000e+00
0.000000000000000000e+00 0.000000000000000000e+00 0.000000000000000000e+00 0.000000000000000000e+00 0.000000000000000000e+00 0.000000000000000000e+00
0.000000000000000000e+00 0.000000000000000000e+00 0.000000000000000000e+00 0.000000000000000000e+00 0.000000000000000000e+00 0.000000000000000000e+00
0.000000000000000000e+00 0.000000000000000000e+00 0.000000000000000000e+00 0.000000000000000000e+00 0.000000000000000000e+00 0.000000000000000000e+00
0.000000000000000000e+00 0.000000000000000000e+00 0.000000000000000000e+00 0.000000000000000000e+00 0.000000000000000000e+00 0.000000000000000000e+00
0.000000000000000000e+00 0.000000000000000000e+00 0.000000000000000000e+00 0.000000000000000000e+00 0.000000000000000000e+00 0.000000000000000000e+00
0.000000000000000000e+00 0.000000000000000000e+00 0.000000000000000000e+00 0.000000000000000000e+00 0.000000000000000000e+00 0.000000000000000000e+00
9.023941121995449066e-03 -3.855283837765455246e-03 4.585675522685050964e-02 -5.330133438110351562e-02 2.699470520019531250e-02 -7.013392448425292969e-02
9.194041602313518524e-03 -2.420930191874504089e-03 8.174381218850612640e-03 -3.676605224609375000e-02 5.320549011230468750e-02 -2.561235427856445312e-02
2.507172152400016785e-02 -1.674895174801349640e-03 3.266372531652450562e-02 -1.320743560791015625e-02 6.614494323730468750e-02 5.590677261352539062e-02
-1.115327049046754837e-02 1.675454154610633850e-02 -1.246156869456171989e-03 -3.023147583007812500e-03 5.856513977050781250e-03 9.250640869140625000e-04
4.767108242958784103e-03 1.325807999819517136e-02 2.019307203590869904e-02 2.863693237304687500e-02 1.438379287719726562e-02 4.523277282714843750e-03
-3.484069369733333588e-03 1.161445863544940948e-03 -3.219544654712080956e-03 -3.025054931640625000e-03 1.337748765945434570e-02 2.541303634643554688e-02
-6.818095687776803970e-03 3.092916449531912804e-03 2.239555586129426956e-03 4.886627197265625000e-03 8.967399597167968750e-03 2.284288406372070312e-03
1.173084042966365814e-02 2.243587002158164978e-02 -5.996784195303916931e-02 -3.532576560974121094e-02 -3.276443481445312500e-02 -7.859563827514648438e-02
1.796622574329376221e-02 -1.741915475577116013e-03 -5.839893710799515247e-04 -7.298946380615234375e-02 -2.612304687500000000e-02 -9.681034088134765625e-02
3.529784455895423889e-02 -1.337518356740474701e-02 -2.850638004019856453e-03 -4.025268554687500000e-02 -1.751327514648437500e-02 -9.132456779479980469e-02
0.000000000000000000e+00 0.000000000000000000e+00 0.000000000000000000e+00 -9.819984436035156250e-02 -7.719993591308593750e-02 -2.396988868713378906e-02
4.855509381741285324e-03 3.139931708574295044e-03 -1.368154957890510559e-02 -1.312236785888671875e-01 -1.002388000488281250e-01 -2.040195465087890625e-02
0.000000000000000000e+00 0.000000000000000000e+00 0.000000000000000000e+00 0.000000000000000000e+00 0.000000000000000000e+00 0.000000000000000000e+00
-2.986443974077701569e-02 -1.008018013089895248e-02 -3.540002275258302689e-03 -1.602001190185546875e-01 4.170799255371093750e-01 1.587030887603759766e-01
