-1.229236659128218889e-04 -4.308479372411966324e-03 -3.005482628941535950e-02 1.052522659301757812e-02 2.899932861328125000e-02 -1.335763931274414062e-02
-9.009298868477344513e-03 1.024392992258071899e-02 -7.745080161839723587e-03 -6.655883789062500000e-02 -2.980422973632812500e-02 -5.002474784851074219e-02
-5.566418170928955078e-03 5.752094555646181107e-03 -4.035310819745063782e-03 -5.825805664062500000e-02 -5.161285400390625000e-03 -4.886579513549804688e-02
0.000000000000000000e+00 0.000000000000000000e+00 0.000000000000000000e+00 -4.660034179687500000e-02 4.150390625000000000e-03 -6.040096282958984375e-03
0.000000000000000000e+00 0.000000000000000000e+00 0.000000000000000000e+00 -6.410026550292968750e-02 -1.115989685058593750e-02 -1.112997531890869141e-02
6.215854082256555557e-04 -7.177956285886466503e-05 -7.465082220733165741e-03 -9.578132629394531250e-02 -3.278970718383789062e-02 -7.660090923309326172e-03
7.033553556539118290e-04 -1.358365261694416404e-04 -7.440803572535514832e-03 -2.783775329589843750e-02 -5.377769470214843750e-03 -2.483129501342773438e-03
8.777822949923574924e-04 -1.375391497276723385e-03 9.804140776395797729e-03 1.058936119079589844e-02 -2.262115478515625000e-02 5.486011505126953125e-04
1.934471307322382927e-03 -4.794356413185596466e-03 -1.288823038339614868e-02 3.504943847656250000e-02 -6.523323059082031250e-02 -2.277445793151855469e-02
-9.670777246356010437e-03 9.539376012980937958e-03 1.606058888137340546e-02 4.713821411132812500e-02 -5.058670043945312500e-02 -1.588296890258789062e-02
2.757363254204392433e-03 4.945113323628902435e-03 -1.017683185636997223e-03 6.988143920898437500e-02 -3.903770446777343750e-02 2.880811691284179688e-03
2.849547192454338074e-03 4.135954193770885468e-03 -5.791317205876111984e-03 6.180763244628906250e-02 -3.508996963500976562e-02 1.058256626129150391e-02
4.772560670971870422e-03 5.458017811179161072e-03 3.295479575172066689e-03 7.745361328125000000e-02 -4.563808441162109375e-02 2.012157440185546875e-02
5.144977476447820663e-03 8.581446483731269836e-03 -2.343992004171013832e-03 3.777503967285156250e-02 -1.972484588623046875e-02 9.370565414428710938e-03
4.895797930657863617e-03 -2.091607544571161270e-03 2.487881854176521301e-02 -2.924203872680664062e-02 1.066589355468750000e-02 -3.832221031188964844e-02
4.988135304301977158e-03 -1.313448883593082428e-03 4.434895701706409454e-03 -2.068281173706054688e-02 2.863502502441406250e-02 -1.315331459045410156e-02
1.360231265425682068e-02 -9.086888749152421951e-04 1.772102341055870056e-02 -1.053810119628906250e-02 3.042221069335937500e-02 3.259134292602539062e-02
-6.051108241081237793e-03 9.090076200664043427e-03 -6.759530515410006046e-04 -1.575469970703125000e-03 3.190994262695312500e-03 3.986358642578125000e-04
2.586397109553217888e-03 7.192937191575765610e-03 1.095519773662090302e-02 1.504325866699218750e-02 8.648395538330078125e-03 1.997470855712890625e-03
-1.890192041173577309e-03 6.301410030573606491e-04 -1.746760797686874866e-03 -1.590728759765625000e-03 7.453083992004394531e-03 1.369833946228027344e-02
-3.699069609865546227e-03 1.678054453805088997e-03 1.215041032992303371e-03 2.574920654296875000e-03 4.909515380859375000e-03 1.057147979736328125e-03
6.364475935697555542e-03 1.217227801680564880e-02 -3.253495693206787109e-02 -2.480745315551757812e-02 -1.080894470214843750e-02 -4.114532470703125000e-02
9.747344069182872772e-03 -9.450504439882934093e-04 -3.168078837916254997e-04 -3.926563262939453125e-02 -1.060676574707031250e-02 -5.326724052429199219e-02
1.915063336491584778e-02 -7.256314158439636230e-03 -1.546534243971109390e-03 -1.946735382080078125e-02 -2.887725830078125000e-03 -5.042052268981933594e-02
0.000000000000000000e+00 0.000000000000000000e+00 0.000000000000000000e+00 -5.329990386962890625e-02 -4.189968109130859375e-02 -1.300001144409179688e-02
2.634384436532855034e-03 1.703552785329520702e-03 -7.423025555908679962e-03 -7.384681701660156250e-02 -5.014848709106445312e-02 -1.104497909545898438e-02
0.000000000000000000e+00 0.000000000000000000e+00 0.000000000000000000e+00 0.000000000000000000e+00 0.000000000000000000e+00 0.000000000000000000e+00
-1.620262302458286285e-02 -5.468923598527908325e-03 -1.920495997183024883e-03 -8.486366271972656250e-02 2.307872772216796875e-01 5.580377578735351562e-02
