0.000000000000000000e+00 0.000000000000000000e+00 0.000000000000000000e+00 0.000000000000000000e+00 0.000000000000000000e+00 0.000000000000000000e+00
0.000000000000000000e+00 0.000000000000000000e+00 0.000000000000000000e+00 0.000000000000000000e+00 0.000000000000000000e+00 0.000000000000000000e+00
0.000000000000000000e+00 0.000000000000000000e+00 0.000000000000000000e+00 0.000000000000000000e+00 0.000000000000000000e+00 0.000000000000000000e+00
0.000000000000000000e+00 0.000000000000000000e+00 0.000000000000000000e+00 0.000000000000000000e+00 0.000000000000000000e+00 0.000000000000000000e+00
0.000000000000000000e+00 0.000000000000000000e+00 0.000000000000000000e+00 0.000000000000000000e+00 0.000000000000000000e+00 0.000000000000000000e+00
0.000000000000000000e+00 0.000000000000000000e+00 0.000000000000000000e+00 0.000000000000000000e+00 0.000000000000000000e+00 0.000000000000000000e+00
0.000000000000000000e+00 0.000000000000000000e+00 0.000000000000000000e+00 0.000000000000000000e+00 0.000000000000000000e+00 0.000000000000000000e+00
0.000000000000000000e+00 0.000000000000000000e+00 0.000000000000000000e+00 0.000000000000000000e+00 0.000000000000000000e+00 0.000000000000000000e+00
0.000000000000000000e+00 0.000000000000000000e+00 0.000000000000000000e+00 0.000000000000000000e+00 0.000000000000000000e+00 0.000000000000000000e+00
0.000000000000000000e+00 0.000000000000000000e+00 0.000000000000000000e+00 0.000000000000000000e+00 0.000000000000000000e+00 0.000000000000000000e+00
0.000000000000000000e+00 0.000000000000000000e+00 0.000000000000000000e+00 0.000000000000000000e+00 0.000000000000000000e+00 0.000000000000000000e+00
0.000000000000000000e+00 0.000000000000000000e+00 0.000000000000000000e+00 0.000000000000000000e+00 0.000000000000000000e+00 0.000000000000000000e+00
0.000000000000000000e+00 0.000000000000000000e+00 0.000000000000000000e+00 0.000000000000000000e+00 0.000000000000000000e+00 0.000000000000000000e+00
0.000000000000000000e+00 0.000000000000000000e+00 0.000000000000000000e+00 0.000000000000000000e+00 0.000000000000000000e+00 0.000000000000000000e+00
1.899355207569897175e-03 -8.114731754176318645e-04 9.652127511799335480e-03 -1.119947433471679688e-02 5.344390869140625000e-03 -1.479673385620117188e-02
1.935141510330140591e-03 -5.095681408420205116e-04 1.720508327707648277e-03 -7.799625396728515625e-03 1.116943359375000000e-02 -5.334138870239257812e-03
5.277252756059169769e-03 -3.525509964674711227e-04 6.875304039567708969e-03 -3.087997436523437500e-03 1.341629028320312500e-02 1.192188262939453125e-02
-2.347503323107957840e-03 3.526480169966816902e-03 -2.623281907290220261e-04 -6.904602050781250000e-04 1.186370849609375000e-03 1.783370971679687500e-04
1.003281096927821636e-03 2.790578873828053474e-03 4.249381367117166519e-03 5.945205688476562500e-03 3.083705902099609375e-03 9.217262268066406250e-04
-7.333682733587920666e-04 2.444163546897470951e-04 -6.775932270102202892e-04 -6.599426269531250000e-04 2.832055091857910156e-03 5.349159240722656250e-03
-1.435120357200503349e-03 6.509873201139271259e-04 4.714058886747807264e-04 9.880065917968750000e-04 1.853942871093750000e-03 4.737377166748046875e-04
2.469035796821117401e-03 4.721941892057657242e-03 -1.262174732983112335e-02 -7.856607437133789062e-03 -6.252288818359375000e-03 -1.639270782470703125e-02
3.780999919399619102e-03 -3.666297416202723980e-04 -1.228769106091931462e-04 -1.533269882202148438e-02 -5.226135253906250000e-03 -2.042293548583984375e-02
7.429536897689104080e-03 -2.815118059515953064e-03 -6.000528810545802116e-04 -8.252143859863281250e-03 -3.164291381835937500e-03 -1.925492286682128906e-02
0.000000000000000000e+00 0.000000000000000000e+00 0.000000000000000000e+00 -2.070045471191406250e-02 -1.620006561279296875e-02 -5.039930343627929688e-03
1.022004405967891216e-03 6.608974072150886059e-04 -2.879778388887643814e-03 -2.786636352539062500e-02 -2.072811126708984375e-02 -4.284381866455078125e-03
0.000000000000000000e+00 0.000000000000000000e+00 0.000000000000000000e+00 0.000000000000000000e+00 0.000000000000000000e+00 0.000000000000000000e+00
-6.285661831498146057e-03 -2.121709985658526421e-03 -7.451073615811765194e-04 -3.339195251464843750e-02 8.796501159667968750e-02 3.079771995544433594e-02
