-1.503574749222025275e-04 -5.270616151392459869e-03 -3.676652535796165466e-02 1.464128494262695312e-02 3.378486633300781250e-02 -1.610994338989257812e-02
-1.102148555219173431e-02 1.253164838999509811e-02 -9.474858641624450684e-03 -8.347225189208984375e-02 -3.621864318847656250e-02 -5.842089653015136719e-02
-6.809572223573923111e-03 7.036642637103796005e-03 -4.936601966619491577e-03 -7.212638854980468750e-02 -6.443023681640625000e-03 -5.872488021850585938e-02
0.000000000000000000e+00 0.000000000000000000e+00 0.000000000000000000e+00 -5.699920654296875000e-02 5.080223083496093750e-03 -7.390022277832031250e-03
0.000000000000000000e+00 0.000000000000000000e+00 0.000000000000000000e+00 -7.850074768066406250e-02 -1.363992691040039062e-02 -1.362001895904541016e-02
7.604052661918103695e-04 -8.779887866694480181e-05 -9.132377803325653076e-03 -1.178760528564453125e-01 -3.805017471313476562e-02 -9.441375732421875000e-03
8.604404283687472343e-04 -1.661651622271165252e-04 -9.102560579776763916e-03 -3.421974182128906250e-02 -5.972862243652343750e-03 -3.067612648010253906e-03
1.073923427611589432e-03 -1.682537142187356949e-03 1.199365220963954926e-02 1.354241371154785156e-02 -2.747726440429687500e-02 6.537437438964843750e-04
2.366552362218499184e-03 -5.865107756108045578e-03 -1.576654426753520966e-02 4.074192047119140625e-02 -8.102798461914062500e-02 -2.775907516479492188e-02
-1.183045841753482819e-02 1.166989561170339584e-02 1.964741200208663940e-02 5.954742431640625000e-02 -6.015205383300781250e-02 -1.932311058044433594e-02
3.373136743903160095e-03 6.049520801752805710e-03 -1.244981889612972736e-03 8.546257019042968750e-02 -4.800224304199218750e-02 2.218008041381835938e-03
3.486043773591518402e-03 5.059627816081047058e-03 -7.084456272423267365e-03 7.494354248046875000e-02 -4.400348663330078125e-02 1.190435886383056641e-02
5.838363897055387497e-03 6.676921620965003967e-03 4.031652119010686874e-03 9.532165527343750000e-02 -5.528950691223144531e-02 2.279138565063476562e-02
6.293984130024909973e-03 1.049805525690317154e-02 -2.867347793653607368e-03 4.630851745605468750e-02 -2.451324462890625000e-02 1.022922992706298828e-02
5.989155266433954239e-03 -2.558753360062837601e-03 3.043506480753421783e-02 -3.595542907714843750e-02 1.143455505371093750e-02 -4.697823524475097656e-02
6.102088373154401779e-03 -1.606777193956077099e-03 5.425363779067993164e-03 -2.559804916381835938e-02 3.487586975097656250e-02 -1.579117774963378906e-02
1.664010062813758850e-02 -1.111621735617518425e-03 2.167895436286926270e-02 -1.419162750244140625e-02 3.506278991699218750e-02 4.080772399902343750e-02
-7.402432616800069809e-03 1.112014427781105042e-02 -8.270521648228168488e-04 -1.890182495117187500e-03 3.898620605468750000e-03 4.491806030273437500e-04
3.163966350257396698e-03 8.799459785223007202e-03 1.340190880000591278e-02 1.837730407714843750e-02 1.093101501464843750e-02 2.249240875244140625e-03
-2.312321448698639870e-03 7.708682096563279629e-04 -2.136809518560767174e-03 -1.792907714843750000e-03 9.195715188980102539e-03 1.670789718627929688e-02
-4.525201395153999329e-03 2.052763476967811584e-03 1.486331340856850147e-03 3.084182739257812500e-03 6.014823913574218750e-03 1.214504241943359375e-03
7.785834372043609619e-03 1.489073503762483597e-02 -3.980077430605888367e-02 -3.266131877899169922e-02 -1.037979125976562500e-02 -4.972791671752929688e-02
1.192417554557323456e-02 -1.156110549345612526e-03 -3.875544934999197721e-04 -4.791069030761718750e-02 -1.148796081542968750e-02 -6.547045707702636719e-02
2.342717908322811127e-02 -8.876926265656948090e-03 -1.891918014734983444e-03 -2.271747589111328125e-02 -8.869171142578125000e-04 -6.207704544067382812e-02
0.000000000000000000e+00 0.000000000000000000e+00 0.000000000000000000e+00 -6.519985198974609375e-02 -5.119991302490234375e-02 -1.589989662170410156e-02
3.222679719328880310e-03 2.084013307467103004e-03 -9.080682881176471710e-03 -9.141159057617187500e-02 -5.963659286499023438e-02 -1.350975036621093750e-02
0.000000000000000000e+00 0.000000000000000000e+00 0.000000000000000000e+00 0.000000000000000000e+00 0.000000000000000000e+00 0.000000000000000000e+00
-1.982106640934944153e-02 -6.690205074846744537e-03 -2.349555958062410355e-03 -1.030807495117187500e-01 2.843251228332519531e-01 5.604600906372070312e-02
