0.000000000000000000e+00 0.000000000000000000e+00 0.000000000000000000e+00 0.000000000000000000e+00 0.000000000000000000e+00 0.000000000000000000e+00
0.000000000000000000e+00 0.000000000000000000e+00 0.000000000000000000e+00 0.000000000000000000e+00 0.000000000000000000e+00 0.000000000000000000e+00
0.000000000000000000e+00 0.000000000000000000e+00 0.000000000000000000e+00 0.000000000000000000e+00 0.000000000000000000e+00 0.000000000000000000e+00
0.000000000000000000e+00 0.000000000000000000e+00 0.000000000000000000e+00 0.000000000000000000e+00 0.000000000000000000e+00 0.000000000000000000e+00
0.000000000000000000e+00 0.000000000000000000e+00 0.000000000000000000e+00 0.000000000000000000e+00 0.000000000000000000e+00 0.000000000000000000e+00
0.000000000000000000e+00 0.000000000000000000e+00 0.000000000000000000e+00 0.000000000000000000e+00 0.000000000000000000e+00 0.000000000000000000e+00
0.000000000000000000e+00 0.000000000000000000e+00 0.000000000000000000e+00 0.000000000000000000e+00 0.000000000000000000e+00 0.000000000000000000e+00
0.000000000000000000e+00 0.000000000000000000e+00 0.000000000000000000e+00 0.000000000000000000e+00 0.000000000000000000e+00 0.000000000000000000e+00
0.000000000000000000e+00 0.000000000000000000e+00 0.000000000000000000e+00 0.000000000000000000e+00 0.000000000000000000e+00 0.000000000000000000e+00
0.000000000000000000e+00 0.000000000000000000e+00 0.000000000000000000e+00 0.000000000000000000e+00 0.000000000000000000e+00 0.000000000000000000e+00
0.000000000000000000e+00 0.000000000000000000e+00 0.000000000000000000e+00 0.000000000000000000e+00 0.000000000000000000e+00 0.000000000000000000e+00
0.000000000000000000e+00 0.000000000000000000e+00 0.000000000000000000e+00 0.000000000000000000e+00 0.000000000000000000e+00 0.000000000000000000e+00
0.000000000000000000e+00 0.000000000000000000e+00 0.000000000000000000e+00 0.000000000000000000e+00 0.000000000000000000e+00 0.000000000000000000e+00
0.000000000000000000e+00 0.000000000000000000e+00 0.000000000000000000e+00 0.000000000000000000e+00 0.000000000000000000e+00 0.000000000000000000e+00
1.489564776420593262e-03 -6.364004802890121937e-04 7.569373585283756256e-03 -8.764266967773437500e-03 4.312515258789062500e-03 -1.159477233886718750e-02
1.517647062428295612e-03 -3.996559244114905596e-04 1.349324709735810757e-03 -6.098747253417968750e-03 8.832931518554687500e-03 -4.200458526611328125e-03
4.138598684221506119e-03 -2.764503296930342913e-04 5.391479935497045517e-03 -2.185821533203125000e-03 1.072311401367187500e-02 9.273529052734375000e-03
-1.841076882556080818e-03 2.765727462247014046e-03 -2.056337980320677161e-04 -5.302429199218750000e-04 9.298324584960937500e-04 1.521110534667968750e-04
7.869045366533100605e-04 2.188483718782663345e-03 3.333115018904209137e-03 4.768371582031250000e-03 2.396583557128906250e-03 7.314682006835937500e-04
-5.751178832724690437e-04 1.917332701850682497e-04 -5.314202280715107918e-04 -5.302429199218750000e-04 2.214252948760986328e-03 4.190921783447265625e-03
-1.125447684898972511e-03 5.105437012389302254e-04 3.697612264659255743e-04 8.125305175781250000e-04 1.448631286621093750e-03 3.707408905029296875e-04
1.936510205268859863e-03 3.703602124005556107e-03 -9.899046272039413452e-03 -5.972623825073242188e-03 -5.182266235351562500e-03 -1.290082931518554688e-02
2.965640975162386894e-03 -2.875546633731573820e-04 -9.642887744121253490e-05 -1.203298568725585938e-02 -4.161834716796875000e-03 -1.599502563476562500e-02
5.826645065099000931e-03 -2.207775833085179329e-03 -4.705262836068868637e-04 -6.580352783203125000e-03 -2.655029296875000000e-03 -1.506114006042480469e-02
0.000000000000000000e+00 0.000000000000000000e+00 0.000000000000000000e+00 -1.620006561279296875e-02 -1.280021667480468750e-02 -3.950119018554687500e-03
8.015231578610837460e-04 5.183113389648497105e-04 -2.258366672322154045e-03 -2.175521850585937500e-02 -1.638412475585937500e-02 -3.363132476806640625e-03
0.000000000000000000e+00 0.000000000000000000e+00 0.000000000000000000e+00 0.000000000000000000e+00 0.000000000000000000e+00 0.000000000000000000e+00
-4.929929971694946289e-03 -1.663919654674828053e-03 -5.842790124006569386e-04 -2.635574340820312500e-02 6.882762908935546875e-02 2.511453628540039062e-02
