-9.791018965188413858e-05 -3.433651989325881004e-03 -2.395286597311496735e-02 7.448196411132812500e-03 2.400588989257812500e-02 -1.077079772949218750e-02
-7.180236745625734329e-03 8.164140395820140839e-03 -6.172617897391319275e-03 -5.188846588134765625e-02 -2.394676208496093750e-02 -4.133987426757812500e-02
-4.436277318745851517e-03 4.584241658449172974e-03 -3.215976525098085403e-03 -4.601573944091796875e-02 -4.024505615234375000e-03 -3.949356079101562500e-02
0.000000000000000000e+00 0.000000000000000000e+00 0.000000000000000000e+00 -3.709983825683593750e-02 3.310203552246093750e-03 -4.810094833374023438e-03
0.000000000000000000e+00 0.000000000000000000e+00 0.000000000000000000e+00 -5.109977722167968750e-02 -8.889913558959960938e-03 -8.870005607604980469e-03
4.953944007866084576e-04 -5.719099499401636422e-05 -5.949517711997032166e-03 -7.608032226562500000e-02 -2.720975875854492188e-02 -6.068199872970581055e-03
5.605486803688108921e-04 -1.082389499060809612e-04 -5.930123385041952133e-03 -2.204704284667968750e-02 -4.572868347167968750e-03 -1.963138580322265625e-03
6.996465963311493397e-04 -1.096137100830674171e-03 7.813675329089164734e-03 8.120536804199218750e-03 -1.817893981933593750e-02 4.565715789794921875e-04
1.541705802083015442e-03 -3.820940619334578514e-03 -1.027150359004735947e-02 2.896976470947265625e-02 -5.146598815917968750e-02 -1.821231842041015625e-02
-7.707294076681137085e-03 7.602697703987360001e-03 1.279981341212987900e-02 3.661727905273437500e-02 -4.110908508300781250e-02 -1.271963119506835938e-02
2.197504276409745216e-03 3.941132221370935440e-03 -8.111209608614444733e-04 5.583953857421875000e-02 -3.106021881103515625e-02 2.983808517456054688e-03
2.271018223837018013e-03 3.296223469078540802e-03 -4.615457728505134583e-03 4.952430725097656250e-02 -2.739620208740234375e-02 8.978009223937988281e-03
3.803584491834044456e-03 4.349849652498960495e-03 2.626399509608745575e-03 6.136512756347656250e-02 -3.666090965270996094e-02 1.699888706207275391e-02
4.100435879081487656e-03 6.839217152446508408e-03 -1.868017367087304592e-03 3.006553649902343750e-02 -1.560306549072265625e-02 8.115291595458984375e-03
3.901793854311108589e-03 -1.666973694227635860e-03 1.982781477272510529e-02 -2.320837974548339844e-02 9.342193603515625000e-03 -3.048944473266601562e-02
3.975366242229938507e-03 -1.046786550432443619e-03 3.534531453624367714e-03 -1.632452011108398438e-02 2.277565002441406250e-02 -1.064944267272949219e-02
1.084067579358816147e-02 -7.241994026117026806e-04 1.412346027791500092e-02 -7.634162902832031250e-03 2.546119689941406250e-02 2.546882629394531250e-02
-4.822531715035438538e-03 7.244462613016366959e-03 -5.387729033827781677e-04 -1.358032226562500000e-03 2.582550048828125000e-03 3.318786621093750000e-04
2.061301842331886292e-03 5.732633173465728760e-03 8.730974048376083374e-03 1.219367980957031250e-02 6.696701049804687500e-03 1.693725585937500000e-03
-1.506426604464650154e-03 5.022142431698739529e-04 -1.392076839692890644e-03 -1.165390014648437500e-03 5.897939205169677734e-03 1.093316078186035156e-02
-2.948077395558357239e-03 1.337307272478938103e-03 9.683137759566307068e-04 2.149581909179687500e-03 3.898620605468750000e-03 8.747577667236328125e-04
5.072302184998989105e-03 9.700979106128215790e-03 -2.592961117625236511e-02 -1.852822303771972656e-02 -1.010894775390625000e-02 -3.309965133666992188e-02
7.768359500914812088e-03 -7.531789015047252178e-04 -2.525033778510987759e-04 -3.136539459228515625e-02 -9.191513061523437500e-03 -4.228043556213378906e-02
1.526212226599454880e-02 -5.783123895525932312e-03 -1.232536276802420616e-03 -1.597213745117187500e-02 -3.664016723632812500e-03 -3.997874259948730469e-02
0.000000000000000000e+00 0.000000000000000000e+00 0.000000000000000000e+00 -4.240036010742187500e-02 -3.339958190917968750e-02 -1.036000251770019531e-02
2.099474426358938217e-03 1.357717439532279968e-03 -5.915990564972162247e-03 -5.824661254882812500e-02 -4.086828231811523438e-02 -8.805274963378906250e-03
0.000000000000000000e+00 0.000000000000000000e+00 0.000000000000000000e+00 0.000000000000000000e+00 0.000000000000000000e+00 0.000000000000000000e+00
-1.291322242468595505e-02 -4.358578938990831375e-03 -1.530686859041452408e-03 -6.808853149414062500e-02 1.828565597534179688e-01 5.093336105346679688e-02
