-7.731191726634278893e-05 -2.709627849981188774e-03 -1.890191994607448578e-02 5.278587341308593750e-03 1.954460144042968750e-02 -8.580446243286132812e-03
-5.666124634444713593e-03 6.442567333579063416e-03 -4.871068522334098816e-03 -4.030323028564453125e-02 -1.898574829101562500e-02 -3.353857994079589844e-02
-3.500852501019835472e-03 3.617591224610805511e-03 -2.537945983931422234e-03 -3.605937957763671875e-02 -3.103256225585937500e-03 -3.151941299438476562e-02
0.000000000000000000e+00 0.000000000000000000e+00 0.000000000000000000e+00 -2.930068969726562500e-02 2.610206604003906250e-03 -3.799915313720703125e-03
0.000000000000000000e+00 0.000000000000000000e+00 0.000000000000000000e+00 -4.030036926269531250e-02 -7.009983062744140625e-03 -6.999969482421875000e-03
3.909259685315191746e-04 -4.513205931289121509e-05 -4.695008043199777603e-03 -5.978012084960937500e-02 -2.215433120727539062e-02 -4.765242338180541992e-03
4.423509817570447922e-04 -8.542494470020756125e-05 -4.679727833718061447e-03 -1.744079589843750000e-02 -3.822326660156250000e-03 -1.545310020446777344e-03
5.521214334294199944e-04 -8.649919764138758183e-04 6.166070699691772461e-03 6.211757659912109375e-03 -1.441001892089843750e-02 3.650188446044921875e-04
1.216680393554270267e-03 -3.015306778252124786e-03 -8.106093853712081909e-03 2.355670928955078125e-02 -4.024314880371093750e-02 -1.440739631652832031e-02
-6.082085892558097839e-03 5.999583750963211060e-03 1.010097563266754150e-02 2.829551696777343750e-02 -3.300094604492187500e-02 -1.008057594299316406e-02
1.734096673317253590e-03 3.110069083049893379e-03 -6.400602869689464569e-04 4.405021667480468750e-02 -2.432441711425781250e-02 2.797365188598632812e-03
1.792147289961576462e-03 2.601116662845015526e-03 -3.642163705080747604e-03 3.928947448730468750e-02 -2.126455307006835938e-02 7.431864738464355469e-03
3.001577686518430710e-03 3.432653145864605904e-03 2.072619507089257240e-03 4.823112487792968750e-02 -2.910590171813964844e-02 1.402020454406738281e-02
3.235720330849289894e-03 5.397119093686342239e-03 -1.474135671742260456e-03 2.377128601074218750e-02 -1.218318939208984375e-02 6.809949874877929688e-03
3.079076530411839485e-03 -1.315489294938743114e-03 1.564711518585681915e-02 -1.824426651000976562e-02 7.892608642578125000e-03 -2.402853965759277344e-02
3.137210616841912270e-03 -8.260222966782748699e-04 2.789246384054422379e-03 -1.277875900268554688e-02 1.803970336914062500e-02 -8.499622344970703125e-03
8.555023930966854095e-03 -5.714354920201003551e-04 1.114520430564880371e-02 -5.594253540039062500e-03 2.080345153808593750e-02 1.978302001953125000e-02
-3.805690910667181015e-03 5.716946441680192947e-03 -4.252340295352041721e-04 -1.052856445312500000e-03 1.963615417480468750e-03 2.751350402832031250e-04
1.626581419259309769e-03 4.523799754679203033e-03 6.889688316732645035e-03 9.702682495117187500e-03 5.173683166503906250e-03 1.399040222167968750e-03
-1.188770518638193607e-03 3.962742048315703869e-04 -1.098523498512804508e-03 -1.029968261718750000e-03 4.628002643585205078e-03 8.642196655273437500e-03
-2.326396293938159943e-03 1.055376022122800350e-03 7.642786949872970581e-04 1.609802246093750000e-03 3.083229064941406250e-03 7.178783416748046875e-04
4.002728499472141266e-03 7.655374240130186081e-03 -2.046152763068675995e-02 -1.384687423706054688e-02 -8.953094482421875000e-03 -2.631354331970214844e-02
6.130279507488012314e-03 -5.943631404079496861e-04 -1.992339093703776598e-04 -2.479648590087890625e-02 -7.726669311523437500e-03 -3.325915336608886719e-02
1.204441487789154053e-02 -4.563665483146905899e-03 -9.726286516524851322e-04 -1.300907135009765625e-02 -3.787994384765625000e-03 -3.141164779663085938e-02
0.000000000000000000e+00 0.000000000000000000e+00 0.000000000000000000e+00 -3.349971771240234375e-02 -2.639961242675781250e-02 -8.179903030395507812e-03
1.656745211221277714e-03 1.071420498192310333e-03 -4.668499808758497238e-03 -4.570198059082031250e-02 -3.280973434448242188e-02 -6.954193115234375000e-03
0.000000000000000000e+00 0.000000000000000000e+00 0.000000000000000000e+00 0.000000000000000000e+00 0.000000000000000000e+00 0.000000000000000000e+00
-1.018991880118846893e-02 -3.439516061916947365e-03 -1.208090106956660748e-03 -5.390739440917968750e-02 1.436042785644531250e-01 4.424476623535156250e-02
