-1.628689205972477794e-04 -5.708844866603612900e-03 -3.982390835881233215e-02 1.692724227905273438e-02 3.552627563476562500e-02 -1.728844642639160156e-02
-1.193783711642026901e-02 1.357371732592582703e-02 -1.026265136897563934e-02 -9.176445007324218750e-02 -3.907203674316406250e-02 -6.155252456665039062e-02
-7.375823799520730972e-03 7.621778640896081924e-03 -5.346952471882104874e-03 -7.878112792968750000e-02 -6.963729858398437500e-03 -6.298089027404785156e-02
0.000000000000000000e+00 0.000000000000000000e+00 0.000000000000000000e+00 -6.170082092285156250e-02 5.499839782714843750e-03 -7.999897003173828125e-03
0.000000000000000000e+00 0.000000000000000000e+00 0.000000000000000000e+00 -8.489990234375000000e-02 -1.478004455566406250e-02 -1.475000381469726562e-02
8.236459107138216496e-04 -9.510077507002279162e-05 -9.891725145280361176e-03 -1.280364990234375000e-01 -3.995513916015625000e-02 -1.026964187622070312e-02
9.319785749539732933e-04 -1.799754390958696604e-04 -9.859490208327770233e-03 -3.713035583496093750e-02 -6.175041198730468750e-03 -3.338456153869628906e-03
1.163128879852592945e-03 -1.822447520680725574e-03 1.299096830189228058e-02 1.502966880798339844e-02 -2.964401245117187500e-02 7.014274597167968750e-04
2.563263289630413055e-03 -6.352711934596300125e-03 -1.707735657691955566e-02 4.281520843505859375e-02 -8.849716186523437500e-02 -3.001689910888671875e-02
-1.281417626887559891e-02 1.264017540961503983e-02 2.128104493021965027e-02 6.571388244628906250e-02 -6.414604187011718750e-02 -2.085709571838378906e-02
3.653584280982613564e-03 6.552530452609062195e-03 -1.348342630080878735e-03 9.243774414062500000e-02 -5.198192596435546875e-02 1.600742340087890625e-03
3.775862744078040123e-03 5.480305757373571396e-03 -7.673569489270448685e-03 8.100128173828125000e-02 -4.834365844726562500e-02 1.226758956909179688e-02
6.323905661702156067e-03 7.232144009321928024e-03 4.366802982985973358e-03 1.037425994873046875e-01 -5.956816673278808594e-02 2.356511354446411133e-02
6.817305460572242737e-03 1.137090567499399185e-02 -3.105727024376392365e-03 5.023956298828125000e-02 -2.683448791503906250e-02 1.032423973083496094e-02
6.487204693257808685e-03 -2.771507715806365013e-03 3.296578302979469299e-02 -3.904104232788085938e-02 1.140403747558593750e-02 -5.095434188842773438e-02
6.609469652175903320e-03 -1.740388921461999416e-03 5.876459646970033646e-03 -2.790069580078125000e-02 3.776168823242187500e-02 -1.690125465393066406e-02
1.802364736795425415e-02 -1.204059692099690437e-03 2.348145842552185059e-02 -1.628017425537109375e-02 3.664970397949218750e-02 4.477119445800781250e-02
-8.017976768314838409e-03 1.204471010714769363e-02 -8.957485551945865154e-04 -2.033233642578125000e-03 4.261970520019531250e-03 4.501342773437500000e-04
3.427024930715560913e-03 9.531026706099510193e-03 1.451613567769527435e-02 1.967811584472656250e-02 1.205348968505859375e-02 2.323627471923828125e-03
-2.504584845155477524e-03 8.349435520358383656e-04 -2.314587356522679329e-03 -1.876831054687500000e-03 1.000934839248657227e-02 1.806831359863281250e-02
-4.901440348476171494e-03 2.223488409072160721e-03 1.610053703188896179e-03 3.437042236328125000e-03 6.531715393066406250e-03 1.257181167602539062e-03
8.433185517787933350e-03 1.612881943583488464e-02 -4.311032965779304504e-02 -3.679573535919189453e-02 -9.647369384765625000e-03 -5.348968505859375000e-02
1.291562058031558990e-02 -1.252243528142571449e-03 -4.197417001705616713e-04 -5.180358886718750000e-02 -1.145935058593750000e-02 -7.111716270446777344e-02
2.537516131997108459e-02 -9.615043178200721741e-03 -2.049246802926063538e-03 -2.403640747070312500e-02 8.678436279296875000e-04 -6.745958328247070312e-02
0.000000000000000000e+00 0.000000000000000000e+00 0.000000000000000000e+00 -7.059955596923828125e-02 -5.560016632080078125e-02 -1.722002029418945312e-02
3.490611445158720016e-03 2.257289364933967590e-03 -9.835772216320037842e-03 -9.973144531250000000e-02 -6.354570388793945312e-02 -1.462650299072265625e-02
0.000000000000000000e+00 0.000000000000000000e+00 0.000000000000000000e+00 0.000000000000000000e+00 0.000000000000000000e+00 0.000000000000000000e+00
-2.146914415061473846e-02 -7.246606517583131790e-03 -2.544824033975601196e-03 -1.111202239990234375e-01 3.091735839843750000e-01 5.319118499755859375e-02
