-8.710401016287505627e-05 -3.052548505365848541e-03 -2.129341103136539459e-02 6.268978118896484375e-03 2.162933349609375000e-02 -9.616136550903320312e-03
-6.383208092302083969e-03 7.257866207510232925e-03 -5.487426649779081345e-03 -4.574298858642578125e-02 -2.122497558593750000e-02 -3.730487823486328125e-02
-3.943849820643663406e-03 4.075342789292335510e-03 -2.859020838513970375e-03 -4.065990447998046875e-02 -3.562927246093750000e-03 -3.532314300537109375e-02
0.000000000000000000e+00 0.000000000000000000e+00 0.000000000000000000e+00 -3.300094604492187500e-02 2.940177917480468750e-03 -4.280090332031250000e-03
0.000000000000000000e+00 0.000000000000000000e+00 0.000000000000000000e+00 -4.549980163574218750e-02 -7.899999618530273438e-03 -7.879972457885742188e-03
4.404073115438222885e-04 -5.086162855150178075e-05 -5.289151333272457123e-03 -6.756019592285156250e-02 -2.459907531738281250e-02 -5.379527807235717773e-03
4.983372054994106293e-04 -9.623215009924024343e-05 -5.271777976304292679e-03 -1.963615417480468750e-02 -4.221916198730468750e-03 -1.747965812683105469e-03
6.219051429070532322e-04 -9.744601557031273842e-04 6.946246139705181122e-03 7.094144821166992188e-03 -1.619529724121093750e-02 4.031658172607421875e-04
1.370630925521254539e-03 -3.396830055862665176e-03 -9.130978956818580627e-03 2.622222900390625000e-02 -4.552268981933593750e-02 -1.621794700622558594e-02
-6.851702928543090820e-03 6.758648902177810669e-03 1.137891225516796112e-02 3.219985961914062500e-02 -3.705596923828125000e-02 -1.133418083190917969e-02
1.953562488779425621e-03 3.503712126985192299e-03 -7.209732430055737495e-04 4.960060119628906250e-02 -2.748966217041015625e-02 2.915620803833007812e-03
2.018983010202646255e-03 2.930322196334600449e-03 -4.103060346096754074e-03 4.407119750976562500e-02 -2.414178848266601562e-02 8.185148239135742188e-03
3.381344722583889961e-03 3.866968676447868347e-03 2.334966557100415230e-03 5.448341369628906250e-02 -3.268527984619140625e-02 1.547276973724365234e-02
3.645221469923853874e-03 6.080010440200567245e-03 -1.660627895034849644e-03 2.676773071289062500e-02 -1.368427276611328125e-02 7.458329200744628906e-03
3.468738636001944542e-03 -1.481935149058699608e-03 1.762695610523223877e-02 -2.058410644531250000e-02 8.543014526367187500e-03 -2.708721160888671875e-02
3.534069750458002090e-03 -9.306015563197433949e-04 3.142099827527999878e-03 -1.445293426513671875e-02 2.035331726074218750e-02 -9.519577026367187500e-03
9.637231007218360901e-03 -6.438409327529370785e-04 1.255549304187297821e-02 -6.443023681640625000e-03 2.292251586914062500e-02 2.245187759399414062e-02
-4.287185147404670715e-03 6.440354045480489731e-03 -4.789224185515195131e-04 -1.102447509765625000e-03 2.223968505859375000e-03 3.080368041992187500e-04
1.832393347285687923e-03 5.096276756376028061e-03 7.761778309941291809e-03 1.073837280273437500e-02 5.894660949707031250e-03 1.533985137939453125e-03
-1.339212758466601372e-03 4.464316007215529680e-04 -1.237609190866351128e-03 -1.148223876953125000e-03 5.227446556091308594e-03 9.733200073242187500e-03
-2.620820188894867897e-03 1.188846188597381115e-03 8.608953212387859821e-04 1.781463623046875000e-03 3.476142883300781250e-03 7.960796356201171875e-04
4.509211983531713486e-03 8.624083362519741058e-03 -2.305117808282375336e-02 -1.600694656372070312e-02 -9.561538696289062500e-03 -2.954554557800292969e-02
6.905954331159591675e-03 -6.695737247355282307e-04 -2.244931674795225263e-04 -2.791309356689453125e-02 -8.438110351562500000e-03 -3.753209114074707031e-02
1.356800831854343414e-02 -5.141145549714565277e-03 -1.095782732591032982e-03 -1.431465148925781250e-02 -3.845214843750000000e-03 -3.545069694519042969e-02
0.000000000000000000e+00 0.000000000000000000e+00 0.000000000000000000e+00 -3.779983520507812500e-02 -2.970027923583984375e-02 -9.210109710693359375e-03
1.866437494754791260e-03 1.206978340633213520e-03 -5.259131081402301788e-03 -5.160331726074218750e-02 -3.666830062866210938e-02 -7.827758789062500000e-03
0.000000000000000000e+00 0.000000000000000000e+00 0.000000000000000000e+00 0.000000000000000000e+00 0.000000000000000000e+00 0.000000000000000000e+00
-1.147943828254938126e-02 -3.874667920172214508e-03 -1.360582420602440834e-03 -6.061553955078125000e-02 1.621427536010742188e-01 4.768991470336914062e-02
