-1.099691871786490083e-04 -3.853433532640337944e-03 -2.688105404376983643e-02 8.860588073730468750e-03 2.654457092285156250e-02 -1.201987266540527344e-02
-8.057978004217147827e-03 9.162141010165214539e-03 -6.927201524376869202e-03 -5.887889862060546875e-02 -2.684211730957031250e-02 -4.561305046081542969e-02
-4.978613462299108505e-03 5.144591443240642548e-03 -3.609269624575972557e-03 -5.184173583984375000e-02 -4.589080810546875000e-03 -4.403138160705566406e-02
0.000000000000000000e+00 0.000000000000000000e+00 0.000000000000000000e+00 -4.159927368164062500e-02 3.709793090820312500e-03 -5.409955978393554688e-03
0.000000000000000000e+00 0.000000000000000000e+00 0.000000000000000000e+00 -5.730056762695312500e-02 -9.969949722290039062e-03 -9.960055351257324219e-03
5.559446290135383606e-04 -6.419840792659670115e-05 -6.676900200545787811e-03 -8.554840087890625000e-02 -2.995872497558593750e-02 -6.828546524047851562e-03
6.290907040238380432e-04 -1.214826188515871763e-04 -6.655101664364337921e-03 -2.488136291503906250e-02 -4.961013793945312500e-03 -2.221465110778808594e-03
7.851376431062817574e-04 -1.230131252668797970e-03 8.768761530518531799e-03 9.282112121582031250e-03 -2.035713195800781250e-02 5.049705505371093750e-04
1.730203512124717236e-03 -4.288068506866693497e-03 -1.152726169675588608e-02 3.195953369140625000e-02 -5.809593200683593750e-02 -2.040863037109375000e-02
-8.649457246065139771e-03 8.532022126019001007e-03 1.436466537415981293e-02 4.168319702148437500e-02 -4.583168029785156250e-02 -1.424312591552734375e-02
2.466123318299651146e-03 4.422959871590137482e-03 -9.101539617404341698e-04 6.256866455078125000e-02 -3.474140167236328125e-02 2.988815307617187500e-03
2.548699732869863510e-03 3.699190448969602585e-03 -5.179513711482286453e-03 5.533981323242187500e-02 -3.104686737060546875e-02 9.791612625122070312e-03
4.268544726073741913e-03 4.881646484136581421e-03 2.947731176391243935e-03 6.898307800292968750e-02 -4.098296165466308594e-02 1.856762170791625977e-02
4.601677879691123962e-03 7.675368338823318481e-03 -2.096319338306784630e-03 3.386878967285156250e-02 -1.754760742187500000e-02 8.757948875427246094e-03
4.378860350698232651e-03 -1.870737061835825443e-03 2.225189469754695892e-02 -2.609014511108398438e-02 1.006317138671875000e-02 -3.424692153930664062e-02
4.461375996470451355e-03 -1.174750621430575848e-03 3.966592717915773392e-03 -1.839876174926757812e-02 2.560424804687500000e-02 -1.185297966003417969e-02
1.216585468500852585e-02 -8.127524051815271378e-04 1.584995537996292114e-02 -8.988380432128906250e-03 2.787780761718750000e-02 2.884721755981445312e-02
-5.412000231444835663e-03 8.130058646202087402e-03 -6.047136848792433739e-04 -1.415252685546875000e-03 2.837181091308593750e-03 3.652572631835937500e-04
2.313180826604366302e-03 6.433453410863876343e-03 9.798412211239337921e-03 1.356315612792968750e-02 7.626056671142578125e-03 1.845836639404296875e-03
-1.690523466095328331e-03 5.635773995891213417e-04 -1.562289544381201267e-03 -1.379013061523437500e-03 6.640195846557617188e-03 1.225185394287109375e-02
-3.308404702693223953e-03 1.500818761996924877e-03 1.086698612198233604e-03 2.214431762695312500e-03 4.383087158203125000e-03 9.620189666748046875e-04
5.692311096936464310e-03 1.088685169816017151e-02 -2.909924834966659546e-02 -2.145314216613769531e-02 -1.054573059082031250e-02 -3.698396682739257812e-02
8.717915974557399750e-03 -8.452521287836134434e-04 -2.833303296938538551e-04 -3.517055511474609375e-02 -9.859085083007812500e-03 -4.754066467285156250e-02
1.712780073285102844e-02 -6.490136962383985519e-03 -1.383273396641016006e-03 -1.766300201416015625e-02 -3.398895263671875000e-03 -4.497337341308593750e-02
0.000000000000000000e+00 0.000000000000000000e+00 0.000000000000000000e+00 -4.769992828369140625e-02 -3.750038146972656250e-02 -1.163005828857421875e-02
2.356149023398756981e-03 1.523627084679901600e-03 -6.639028433710336685e-03 -6.575393676757812500e-02 -4.537725448608398438e-02 -9.878158569335937500e-03
0.000000000000000000e+00 0.000000000000000000e+00 0.000000000000000000e+00 0.000000000000000000e+00 0.000000000000000000e+00 0.000000000000000000e+00
-1.449149660766124725e-02 -4.891338758170604706e-03 -1.717836828902363777e-03 -7.611083984375000000e-02 2.057790756225585938e-01 5.373907089233398438e-02
