-5.994267412461340427e-04 -2.101235091686248779e-02 -1.465784758329391479e-01 4.330921173095703125e-02 1.567726135253906250e-01 -6.730365753173828125e-02
-4.393918812274932861e-02 4.995996505022048950e-02 -3.777285292744636536e-02 -3.107767105102539062e-01 -1.482467651367187500e-01 -2.635829448699951172e-01
-2.714772149920463562e-02 2.805304154753684998e-02 -1.968049071729183197e-02 -2.779979705810546875e-01 -2.435111999511718750e-02 -2.456130981445312500e-01
0.000000000000000000e+00 0.000000000000000000e+00 0.000000000000000000e+00 -2.269992828369140625e-01 2.025032043457031250e-02 -2.944993972778320312e-02
0.000000000000000000e+00 0.000000000000000000e+00 0.000000000000000000e+00 -3.127994537353515625e-01 -5.438995361328125000e-02 -5.428004264831542969e-02
3.031524596735835075e-03 -3.500465536490082741e-04 -3.640759736299514771e-02 -4.637680053710937500e-01 -1.740272045135498047e-01 -3.691513836383819580e-02
3.430316224694252014e-03 -6.624363013543188572e-04 -3.628933057188987732e-02 -1.345386505126953125e-01 -3.012180328369140625e-02 -1.196229457855224609e-02
4.281200468540191650e-03 -6.707804743200540543e-03 4.781508445739746094e-02 4.769945144653320312e-02 -1.119346618652343750e-01 2.841711044311523438e-03
9.434534236788749695e-03 -2.338229119777679443e-02 -6.285591423511505127e-02 1.854896545410156250e-01 -3.112163543701171875e-01 -1.116392612457275391e-01
-4.716480523347854614e-02 4.652393609285354614e-02 7.832809537649154663e-02 2.176170349121093750e-01 -2.587471008300781250e-01 -7.787036895751953125e-02
1.344763301312923431e-02 2.411772124469280243e-02 -4.963147919625043869e-03 3.418636322021484375e-01 -1.890106201171875000e-01 2.309656143188476562e-02
1.389772817492485046e-02 2.017111703753471375e-02 -2.824368886649608612e-02 3.051643371582031250e-01 -1.638669967651367188e-01 5.880773067474365234e-02
2.327590994536876678e-02 2.661888673901557922e-02 1.607271656394004822e-02 3.736858367919921875e-01 -2.267122268676757812e-01 1.106570959091186523e-01
2.509219199419021606e-02 4.185244813561439514e-02 -1.143139600753784180e-02 1.842117309570312500e-01 -9.383964538574218750e-02 5.417692661285400391e-02
2.730722073465585709e-03 -1.166585367172956467e-03 1.387595199048519135e-02 -1.615428924560546875e-02 7.213592529296875000e-03 -2.130222320556640625e-02
2.782105701044201851e-03 -7.326247869059443474e-04 2.473550848662853241e-03 -1.129722595214843750e-02 1.603507995605468750e-02 -7.573604583740234375e-03
7.586709223687648773e-03 -5.068109021522104740e-04 9.883801452815532684e-03 -4.764556884765625000e-03 1.863479614257812500e-02 1.742696762084960938e-02
-3.374970750883221626e-03 5.069901701062917709e-03 -3.770781913772225380e-04 -9.059906005859375000e-04 1.798629760742187500e-03 2.431869506835937500e-04
1.442583510652184486e-03 4.011970013380050659e-03 6.110844668000936508e-03 8.485794067382812500e-03 4.537582397460937500e-03 1.273632049560546875e-03
-1.054279855452477932e-03 3.514887357596307993e-04 -9.742568945512175560e-04 -9.117126464843750000e-04 4.094958305358886719e-03 7.660865783691406250e-03
-2.063181251287460327e-03 9.359129471704363823e-04 6.777109811082482338e-04 1.533508300781250000e-03 2.662658691406250000e-03 6.411075592041015625e-04
3.549835179001092911e-03 6.789460312575101852e-03 -1.814650557935237885e-02 -1.198172569274902344e-02 -8.230209350585937500e-03 -2.341246604919433594e-02
5.436618812382221222e-03 -5.271013942547142506e-04 -1.767021021805703640e-04 -2.200651168823242188e-02 -7.076263427734375000e-03 -2.945685386657714844e-02
1.068088691681623459e-02 -4.047303460538387299e-03 -8.626042399555444717e-04 -1.157093048095703125e-02 -3.734588623046875000e-03 -2.780413627624511719e-02
0.000000000000000000e+00 0.000000000000000000e+00 0.000000000000000000e+00 -2.970027923583984375e-02 -2.340030670166015625e-02 -7.250070571899414062e-03
1.469328417442739010e-03 9.501087479293346405e-04 -4.140320234000682831e-03 -4.032707214355468750e-02 -2.930736541748046875e-02 -6.155490875244140625e-03
0.000000000000000000e+00 0.000000000000000000e+00 0.000000000000000000e+00 0.000000000000000000e+00 0.000000000000000000e+00 0.000000000000000000e+00
-9.037178941071033478e-03 -3.050318220630288124e-03 -1.071162638254463673e-03 -4.787063598632812500e-02 1.271038055419921875e-01 4.073333740234375000e-02
