37
0.999823	-0.0112916	0.0150553	26.4664	
0.0107794	0.999375	0.033681	10.0059	
-0.0154262	-0.0335127	0.999319	-3.38982	
0	0	0	1	
36
0.999858	0.015818	0.00586028	23.2275	
-0.0159163	0.999727	0.0171249	0.545876	
-0.00558779	-0.0172157	0.999836	-3.93079	
0	0	0	1	
35
0.992921	-0.0985149	0.0663544	19.9667	
0.100048	0.994778	-0.0201908	-7.11247	
-0.0640188	0.0266865	0.997592	-4.39231	
0	0	0	1	
34
0.996574	0.00386356	0.0826135	17.3865	
-0.0083995	0.998471	0.0546287	-13.0918	
-0.0822762	-0.0551355	0.995083	-4.55532	
0	0	0	1	
33
0.987051	-0.160397	0.00171457	12.9291	
0.15938	0.979476	-0.123388	-18.0262	
0.0181117	0.122064	0.992357	-4.38868	
0	0	0	1	
32
0.999117	-0.0405347	-0.0110122	7.56749	
0.0399942	0.998162	-0.0455273	-20.4574	
0.0128374	0.0450467	0.998902	-3.82807	
0	0	0	1	
31
0.974391	-0.224433	-0.0138292	2.4396	
0.223592	0.973586	-0.0462203	-21.216	
0.0238373	0.0419445	0.998836	-3.43507	
0	0	0	1	
41
0.95063	0.293697	0.100223	-2.12593	
-0.287358	0.955035	-0.0730355	-20.9735	
-0.117167	0.0406298	0.992281	-3.28972	
0	0	0	1	
42
0.999959	0.00249452	-0.00870161	-7.03349	
-0.00325429	0.996078	-0.0884227	-19.3699	
0.0084469	0.0884474	0.996045	-3.40628	
0	0	0	1	
43
0.997735	0.0082509	-0.0667593	-11.5635	
-0.0196866	0.984812	-0.172507	-16.1667	
0.064322	0.173431	0.982743	-3.53936	
0	0	0	1	
44
1	6.36483e-09	9.78475e-09	-15.3971	
-6.36483e-09	1	-1.00357e-09	-10.7646	
-9.78475e-09	1.00357e-09	1	-3.75521	
0	0	0	1	
45
0.997608	0.0675607	0.014656	-18.1317	
-0.0671905	0.997441	-0.0244325	-4.90878	
-0.0162692	0.0233893	0.999594	-4.46844	
0	0	0	1	
47
0.998616	0.0210264	-0.0481999	-22.9331	
-0.013728	0.989037	0.14703	9.28891	
0.050763	-0.146165	0.987957	-4.20508	
0	0	0	1	
