37
0.999871	-0.00959778	0.0128631	26.4626	
0.00922525	0.999545	0.028714	9.99782	
-0.0131328	-0.0285916	0.999505	-3.39048	
0	0	0	1	
36
0.999897	0.0134959	0.00498058	23.2292	
-0.0135674	0.999801	0.0146099	0.535403	
-0.00478241	-0.014676	0.999881	-3.94887	
0	0	0	1	
35
0.99485	-0.0841648	0.0564769	19.9507	
0.0852804	0.996201	-0.0176388	-7.12249	
-0.0547778	0.0223643	0.998248	-4.39698	
0	0	0	1	
34
0.997508	0.00358149	0.0704619	17.3877	
-0.00688095	0.998888	0.0466393	-13.0967	
-0.0702165	-0.0470079	0.996424	-4.55692	
0	0	0	1	
33
0.990574	-0.136977	0.000211241	12.9492	
0.136237	0.98506	-0.105338	-18.0603	
0.0142207	0.104373	0.994436	-4.43661	
0	0	0	1	
32
0.999358	-0.0345394	-0.00950733	7.59665	
0.0341463	0.998663	-0.0388015	-20.4936	
0.0108348	0.0384519	0.999202	-3.81157	
0	0	0	1	
31
0.981354	-0.191806	-0.0124563	2.47981	
0.191194	0.980768	-0.0392411	-21.2238	
0.0197434	0.0361278	0.999152	-3.3835	
0	0	0	1	
41
0.964012	0.251237	0.0869552	-2.09674	
-0.246616	0.967223	-0.0605057	-20.9595	
-0.0993063	0.0368837	0.994373	-3.23568	
0	0	0	1	
42
0.99997	0.00217581	-0.00740726	-6.98143	
-0.00272845	0.997147	-0.0754342	-19.3597	
0.00722199	0.0754522	0.997123	-3.33767	
0	0	0	1	
43
0.998351	0.00776969	-0.0568677	-11.539	
-0.0160928	0.988946	-0.147403	-16.1658	
0.0550938	0.148075	0.98744	-3.47587	
0	0	0	1	
44
1	5.42783e-09	8.34428e-09	-15.3258	
-5.42783e-09	1	-8.55827e-10	-10.7085	
-8.34428e-09	8.55827e-10	1	-3.73782	
0	0	0	1	
45
0.99826	0.0576055	0.0126028	-18.0297	
-0.0573362	0.998139	-0.0207752	-4.84317	
-0.0137761	0.0200165	0.999705	-4.45288	
0	0	0	1	
47
0.998993	0.0174908	-0.0413115	-22.8208	
-0.0121802	0.992023	0.12547	8.9738	
0.0431765	-0.124841	0.991237	-4.2516	
0	0	0	1	
