37
0.999697	-0.0148664	0.0196096	26.4745	
0.0139905	0.99893	0.0440704	10.0227	
-0.0202438	-0.0437827	0.998836	-3.38844	
0	0	0	1	
36
0.999757	0.0206639	0.00771773	23.2241	
-0.020832	0.999533	0.0223743	0.567765	
-0.00725178	-0.0225296	0.99972	-3.89302	
0	0	0	1	
35
0.987905	-0.128293	0.0870905	20.0001	
0.130913	0.991077	-0.0250479	-7.09154	
-0.0831	0.0361463	0.995885	-4.38252	
0	0	0	1	
34
0.994145	0.00413268	0.107974	17.384	
-0.0118849	0.997388	0.0712518	-13.0814	
-0.107398	-0.0721179	0.991597	-4.55198	
0	0	0	1	
33
0.977911	-0.20893	0.00624185	12.887	
0.207195	0.964989	-0.160832	-17.9549	
0.0275794	0.158573	0.986962	-4.2885	
0	0	0	1	
32
0.998491	-0.0530917	-0.0140267	7.50654	
0.0521675	0.996858	-0.0596054	-20.3818	
0.0171472	0.0587837	0.998123	-3.86255	
0	0	0	1	
31
0.956346	-0.291801	-0.015942	2.35555	
0.290366	0.954974	-0.0609254	-21.1996	
0.0330022	0.0536368	0.998015	-3.54286	
0	0	0	1	
41
0.916088	0.380664	0.126003	-2.18693	
-0.36989	0.923575	-0.10095	-21.0027	
-0.154802	0.0458722	0.98688	-3.40267	
0	0	0	1	
42
0.99993	0.00310599	-0.0114196	-7.1423	
-0.00440462	0.993296	-0.115516	-19.3913	
0.0109843	0.115558	0.99324	-3.54967	
0	0	0	1	
43
0.996135	0.00843376	-0.0874331	-11.6147	
-0.0279492	0.97408	-0.224469	-16.1686	
0.0832738	0.226045	0.970551	-3.67206	
0	0	0	1	
44
1	8.32323e-09	1.27954e-08	-15.546	
-8.32323e-09	1	-1.31236e-09	-10.8818	
-1.27954e-08	1.31236e-09	1	-3.79154	
0	0	0	1	
45
0.99591	0.0883669	0.0188286	-18.3447	
-0.0877341	0.995625	-0.0321399	-5.04591	
-0.0215863	0.0303566	0.999306	-4.50095	
0	0	0	1	
47
0.997637	0.0288895	-0.0623308	-23.1679	
-0.0164269	0.981279	0.191888	9.94752	
0.0667075	-0.190411	0.979435	-4.10785	
0	0	0	1	
