37
0.999896	-0.00859356	0.0115527	26.4602	
0.00829373	0.999634	0.0257554	9.99302	
-0.0117698	-0.0256569	0.999602	-3.39087	
0	0	0	1	
36
0.999917	0.012111	0.00445914	23.2301	
-0.0121686	0.99984	0.0131102	0.529162	
-0.00429965	-0.0131634	0.999904	-3.95964	
0	0	0	1	
35
0.995854	-0.0755846	0.0506062	19.9411	
0.0764827	0.996942	-0.0160482	-7.12845	
-0.0492385	0.0198522	0.99859	-4.39977	
0	0	0	1	
34
0.997994	0.00336625	0.0632169	17.3885	
-0.00602211	0.999105	0.0418683	-13.0997	
-0.0630194	-0.042165	0.997121	-4.55787	
0	0	0	1	
33
0.99241	-0.122972	-0.000479752	12.9612	
0.122376	0.98797	-0.0945492	-18.0807	
0.0121009	0.0937728	0.99552	-4.46517	
0	0	0	1	
32
0.999483	-0.030971	-0.00859136	7.61403	
0.0306545	0.998924	-0.034797	-20.5151	
0.00965981	0.0345156	0.999357	-3.80173	
0	0	0	1	
31
0.984983	-0.172265	-0.0115276	2.50378	
0.171771	0.984511	-0.0351043	-21.2285	
0.0173963	0.0325971	0.999317	-3.35277	
0	0	0	1	
41
0.971	0.225728	0.0787786	-2.07935	
-0.222004	0.973587	-0.05331	-20.9512	
-0.0887313	0.0342748	0.995466	-3.20348	
0	0	0	1	
42
0.999976	0.00197788	-0.00663796	-6.95041	
-0.0024227	0.997704	-0.0676878	-19.3536	
0.00648883	0.0677022	0.997684	-3.29679	
0	0	0	1	
43
0.998673	0.00736193	-0.0509776	-11.5244	
-0.0140635	0.991099	-0.13238	-16.1653	
0.0495493	0.132921	0.989887	-3.43803	
0	0	0	1	
44
1	4.86947e-09	7.4859e-09	-15.2834	
-4.86947e-09	1	-7.67787e-10	-10.6751	
-7.4859e-09	7.67787e-10	1	-3.72746	
0	0	0	1	
45
0.998599	0.0516737	0.0113619	-17.969	
-0.0514569	0.998502	-0.0186054	-4.80407	
-0.0123063	0.0179947	0.999762	-4.44361	
0	0	0	1	
47
0.999189	0.0154548	-0.0371695	-22.7538	
-0.0111793	0.993578	0.112599	8.78602	
0.038671	-0.112092	0.992945	-4.27932	
0	0	0	1	
