37
0.999945	-0.00622199	0.00842597	26.4548	
0.00606332	0.999806	0.018727	9.9816	
-0.00854086	-0.0186749	0.999789	-3.39181	
0	0	0	1	
36
0.999956	0.00881598	0.00322803	23.2325	
-0.00884643	0.999915	0.00954242	0.514328	
-0.00314363	-0.00957056	0.999949	-3.98524	
0	0	0	1	
35
0.997806	-0.0551096	0.0367021	19.9185	
0.055585	0.998381	-0.0120597	-7.14264	
-0.0359781	0.0140733	0.999253	-4.4064	
0	0	0	1	
34
0.998938	0.00271343	0.0459877	17.3902	
-0.00411914	0.999526	0.0304999	-13.1067	
-0.0458832	-0.030657	0.998476	-4.56014	
0	0	0	1	
33
0.99598	-0.0895652	-0.00150683	12.9898	
0.0892496	0.993628	-0.0688321	-18.129	
0.00766219	0.0684209	0.997627	-4.53306	
0	0	0	1	
32
0.999727	-0.0225021	-0.00635676	7.65534	
0.0223346	0.999431	-0.0252892	-20.5664	
0.0069222	0.0251403	0.99966	-3.77836	
0	0	0	1	
31
0.992044	-0.125571	-0.00899143	2.56074	
0.12531	0.991794	-0.0253491	-21.2397	
0.0121008	0.0240207	0.999638	-3.27972	
0	0	0	1	
41
0.984618	0.164611	0.0585767	-2.038	
-0.162635	0.98599	-0.0370561	-20.9315	
-0.0638559	0.0269594	0.997595	-3.12693	
0	0	0	1	
42
0.999987	0.00148345	-0.00481567	-6.87667	
-0.00171888	0.998785	-0.0492581	-19.3391	
0.00473675	0.0492658	0.998774	-3.19961	
0	0	0	1	
43
0.999297	0.00603078	-0.0370004	-11.4896	
-0.00957986	0.995286	-0.0965064	-16.164	
0.036244	0.096793	0.994644	-3.3481	
0	0	0	1	
44
1	3.54224e-09	5.44554e-09	-15.1824	
-3.54224e-09	1	-5.58519e-10	-10.5957	
-5.44554e-09	5.58519e-10	1	-3.70283	
0	0	0	1	
45
0.999259	0.0375772	0.00836084	-17.8246	
-0.0374625	0.999207	-0.013477	-4.71114	
-0.00886064	0.0131538	0.999874	-4.42158	
0	0	0	1	
47
0.999571	0.0108301	-0.0272182	-22.5947	
-0.00856638	0.9966	0.0819505	8.33968	
0.0280132	-0.0816822	0.996265	-4.34521	
0	0	0	1	
