37
0.999685	-0.0151736	0.0199965	26.4752	
0.0142622	0.998887	0.0449576	10.0242	
-0.0206564	-0.0446582	0.998789	-3.38832	
0	0	0	1	
36
0.999747	0.021077	0.00787742	23.2238	
-0.0212519	0.999514	0.0228218	0.569633	
-0.00739258	-0.0229834	0.999709	-3.88979	
0	0	0	1	
35
0.987415	-0.13082	0.0888652	20.0029	
0.133546	0.990716	-0.0254324	-7.08975	
-0.0847132	0.03698	0.995719	-4.38169	
0	0	0	1	
34
0.993908	0.00413557	0.110136	17.3837	
-0.0122017	0.997282	0.0726654	-13.0805	
-0.109536	-0.0735666	0.991257	-4.5517	
0	0	0	1	
33
0.97702	-0.213041	0.00671459	12.8834	
0.211237	0.963577	-0.164007	-17.9488	
0.0284701	0.161656	0.986436	-4.27995	
0	0	0	1	
32
0.99843	-0.0541649	-0.0142757	7.50134	
0.0532033	0.996731	-0.060808	-20.3753	
0.0175227	0.0599531	0.998047	-3.8655	
0	0	0	1	
31
0.95459	-0.29749	-0.0160746	2.34838	
0.295998	0.953162	-0.062186	-21.1982	
0.0338214	0.054604	0.997935	-3.55206	
0	0	0	1	
41
0.912737	0.387954	0.128075	-2.19214	
-0.37675	0.920522	-0.103434	-21.0052	
-0.158024	0.0461562	0.986356	-3.4123	
0	0	0	1	
42
0.999927	0.00315474	-0.0116523	-7.15158	
-0.00450599	0.993024	-0.117825	-19.3931	
0.0111994	0.117868	0.992966	-3.56191	
0	0	0	1	
43
0.995979	0.00839779	-0.0891958	-11.6191	
-0.0287008	0.973034	-0.228867	-16.1687	
0.0848686	0.230507	0.969363	-3.68339	
0	0	0	1	
44
1	8.49037e-09	1.30524e-08	-15.5588	
-8.49037e-09	1	-1.33871e-09	-10.8918	
-1.30524e-08	1.33871e-09	1	-3.79464	
0	0	0	1	
45
0.995744	0.0901423	0.0191772	-18.3629	
-0.0894838	0.995448	-0.0328016	-5.05761	
-0.0220467	0.030946	0.999278	-4.50372	
0	0	0	1	
47
0.997542	0.0295898	-0.0635193	-23.1879	
-0.0166235	0.980523	0.195701	10.0037	
0.0680729	-0.194164	0.978604	-4.09955	
0	0	0	1	
