37
0.999921	-0.00747116	0.0100786	26.4577	
0.00724353	0.999722	0.0224364	9.98763	
-0.0102434	-0.0223616	0.999697	-3.39131	
0	0	0	1	
36
0.999937	0.0105559	0.00387643	23.2312	
-0.0105996	0.999879	0.0114263	0.522159	
-0.00375535	-0.0114667	0.999927	-3.97172	
0	0	0	1	
35
0.996852	-0.0659313	0.0440325	19.9304	
0.0666133	0.997678	-0.0142015	-7.13515	
-0.0429939	0.01709	0.998929	-4.4029	
0	0	0	1	
34
0.998477	0.0030828	0.0550837	17.3893	
-0.00509934	0.99932	0.0365057	-13.103	
-0.0549337	-0.036731	0.997814	-4.55894	
0	0	0	1	
33
0.994235	-0.107218	-0.0010727	12.9747	
0.106765	0.990862	-0.0824185	-18.1035	
0.00989965	0.0818289	0.996597	-4.49722	
0	0	0	1	
32
0.999608	-0.0269702	-0.00754639	7.63353	
0.0267299	0.999183	-0.0303061	-20.5393	
0.00835759	0.0300925	0.999512	-3.7907	
0	0	0	1	
31
0.988592	-0.150258	-0.0103877	2.53067	
0.149883	0.988234	-0.0304841	-21.2338	
0.0148459	0.0285794	0.999481	-3.31828	
0	0	0	1	
41
0.977957	0.196947	0.0693718	-2.05983	
-0.194117	0.979923	-0.0454842	-20.9419	
-0.076937	0.0310154	0.996553	-3.16734	
0	0	0	1	
42
0.999982	0.00174864	-0.00577647	-6.91559	
-0.00208638	0.998256	-0.0589893	-19.3468	
0.00566325	0.0590003	0.998242	-3.25091	
0	0	0	1	
43
0.998992	0.00679688	-0.0443736	-11.508	
-0.0118867	0.99324	-0.11547	-16.1647	
0.0432888	0.115881	0.992319	-3.39557	
0	0	0	1	
44
1	4.24285e-09	6.52259e-09	-15.2357	
-4.24285e-09	1	-6.68986e-10	-10.6376	
-6.52259e-09	6.68986e-10	1	-3.71583	
0	0	0	1	
45
0.998937	0.0450176	0.00995407	-17.9008	
-0.0448531	0.998863	-0.016179	-4.7602	
-0.0106711	0.0157153	0.99982	-4.43321	
0	0	0	1	
47
0.999384	0.0132334	-0.0324894	-22.6787	
-0.00998662	0.995123	0.0981372	8.57529	
0.0336297	-0.0977523	0.994642	-4.31043	
0	0	0	1	
