37
0.999984	-0.00332927	0.00454956	26.448	
0.0032833	0.999944	0.0100733	9.96753	
-0.00458284	-0.0100582	0.999939	-3.39296	
0	0	0	1	
36
0.999987	0.00474882	0.00172694	23.2353	
-0.00475764	0.999975	0.00513953	0.496046	
-0.00170249	-0.00514768	0.999985	-4.01679	
0	0	0	1	
35
0.999364	-0.0297363	0.0196744	19.8905	
0.029874	0.999531	-0.00674474	-7.16012	
-0.0194646	0.00732821	0.999784	-4.41457	
0	0	0	1	
34
0.999692	0.00163574	0.0247475	17.3923	
-0.00204302	0.999863	0.0164412	-13.1154	
-0.0247172	-0.0164867	0.999559	-4.56293	
0	0	0	1	
33
0.998835	-0.0482395	-0.001579	13.0249	
0.048148	0.998153	-0.0370517	-18.1885	
0.00336344	0.0369325	0.999312	-4.61673	
0	0	0	1	
32
0.999921	-0.012092	-0.0034921	7.70625	
0.0120434	0.999835	-0.0135946	-20.6295	
0.00365591	0.0135514	0.999901	-3.74955	
0	0	0	1	
31
0.997693	-0.0676851	-0.00523646	2.63094	
0.0676093	0.99762	-0.0135046	-21.2534	
0.00613806	0.0131194	0.999895	-3.1897	
0	0	0	1	
41
0.995536	0.0886853	0.0323065	-1.98705	
-0.0881121	0.995934	-0.0187576	-20.9071	
-0.0338387	0.0158273	0.999302	-3.03259	
0	0	0	1	
42
0.999996	0.000827923	-0.00258283	-6.78578	
-0.000896132	0.999648	-0.0265204	-19.3212	
0.00255997	0.0265226	0.999645	-3.07985	
0	0	0	1	
43
0.999796	0.00369197	-0.0198456	-11.4469	
-0.00472073	0.998634	-0.0520438	-16.1624	
0.0196264	0.0521269	0.998448	-3.23726	
0	0	0	1	
44
1	1.90651e-09	2.9309e-09	-15.058	
-1.90651e-09	1	-3.00606e-10	-10.4979	
-2.9309e-09	3.00606e-10	1	-3.67248	
0	0	0	1	
45
0.999785	0.0202145	0.00456299	-17.6467	
-0.0201813	0.99977	-0.00721487	-4.5966	
-0.00470779	0.00712123	0.999964	-4.39442	
0	0	0	1	
47
0.999876	0.00555249	-0.0147615	-22.3986	
-0.00489644	0.999015	0.0441136	7.78959	
0.0149919	-0.0440359	0.998917	-4.42642	
0	0	0	1	
