37
0.999726	-0.0141289	0.018678	26.4729	
0.0133356	0.999031	0.0419374	10.0193	
-0.0192524	-0.0416768	0.998946	-3.38872	
0	0	0	1	
36
0.99978	0.0196702	0.00733445	23.2248	
-0.0198225	0.999577	0.0212977	0.563273	
-0.00691241	-0.0214384	0.999746	-3.90077	
0	0	0	1	
35
0.989043	-0.122207	0.0828258	19.9932	
0.124581	0.991917	-0.0241039	-7.09584	
-0.0792106	0.0341583	0.996272	-4.38453	
0	0	0	1	
34
0.994696	0.00411281	0.102775	17.3845	
-0.0111353	0.997633	0.0678491	-13.0835	
-0.102252	-0.0686337	0.992388	-4.55267	
0	0	0	1	
33
0.979981	-0.199022	0.00516046	12.8956	
0.19745	0.968271	-0.153184	-17.9696	
0.0254902	0.151136	0.988184	-4.30906	
0	0	0	1	
32
0.998633	-0.0505119	-0.0134225	7.51905	
0.0496748	0.997154	-0.056714	-20.3973	
0.016249	0.0559698	0.9983	-3.85548	
0	0	0	1	
31
0.960432	-0.278078	-0.0155922	2.3728	
0.276777	0.959188	-0.057897	-21.2029	
0.0310558	0.0512906	0.998201	-3.52074	
0	0	0	1	
41
0.923891	0.363042	0.120936	-2.17441	
-0.353269	0.930682	-0.0950402	-20.9967	
-0.147057	0.0450837	0.9881	-3.37949	
0	0	0	1	
42
0.999937	0.00298654	-0.0108605	-7.11997	
-0.00416291	0.993927	-0.109962	-19.3869	
0.0104661	0.110001	0.993876	-3.52024	
0	0	0	1	
43
0.996497	0.00848706	-0.0831927	-11.6042	
-0.0261715	0.976512	-0.213867	-16.1682	
0.0794236	0.215295	0.973314	-3.64483	
0	0	0	1	
44
1	7.92131e-09	1.21776e-08	-15.5155	
-7.92131e-09	1	-1.24898e-09	-10.8577	
-1.21776e-08	1.24898e-09	1	-3.78409	
0	0	0	1	
45
0.996295	0.0840973	0.0179854	-18.301	
-0.0835241	0.996037	-0.0305513	-5.01777	
-0.0204834	0.0289359	0.999371	-4.49427	
0	0	0	1	
47
0.997859	0.0272241	-0.0594613	-23.1197	
-0.0159324	0.983038	0.182708	9.81235	
0.0634268	-0.181369	0.981367	-4.12781	
0	0	0	1	
