37
0.999967	-0.0048408	0.00658381	26.4515	
0.00474422	0.999882	0.0146064	9.9749	
-0.00665374	-0.0145746	0.999872	-3.39235	
0	0	0	1	
36
0.999973	0.00688072	0.00251123	23.2338	
-0.00689925	0.999948	0.00744728	0.505625	
-0.00245985	-0.00746441	0.999969	-4.00026	
0	0	0	1	
35
0.998664	-0.0430489	0.0285805	19.9052	
0.0433383	0.999014	-0.00958434	-7.15096	
-0.0281398	0.0108102	0.999546	-4.41029	
0	0	0	1	
34
0.999354	0.00223798	0.0358768	17.3912	
-0.00309369	0.999712	0.0238136	-13.1109	
-0.0358132	-0.0239092	0.999072	-4.56146	
0	0	0	1	
33
0.997552	-0.0699079	-0.00170562	13.0065	
0.0697158	0.99612	-0.0537107	-18.1573	
0.00545381	0.0534603	0.998555	-4.57289	
0	0	0	1	
32
0.999834	-0.0175426	-0.00500828	7.67957	
0.0174407	0.999653	-0.0197188	-20.5964	
0.00535246	0.0196282	0.999793	-3.76465	
0	0	0	1	
31
0.995155	-0.0980513	-0.00728992	2.59415	
0.0978921	0.995002	-0.0196839	-21.2462	
0.00918352	0.0188749	0.99978	-3.23687	
0	0	0	1	
41
0.990627	0.128523	0.0462508	-2.01375	
-0.127319	0.991464	-0.0280998	-20.9198	
-0.0494675	0.0219478	0.998535	-3.08202	
0	0	0	1	
42
0.999992	0.00117773	-0.00375091	-6.8334	
-0.00132105	0.99926	-0.0384369	-19.3306	
0.00370287	0.0384416	0.999254	-3.1426	
0	0	0	1	
43
0.999572	0.00501332	-0.0288222	-11.4693	
-0.00717433	0.99713	-0.0753698	-16.1633	
0.0283616	0.0755443	0.996739	-3.29534	
0	0	0	1	
44
1	2.76358e-09	4.24849e-09	-15.1232	
-2.76358e-09	1	-4.35744e-10	-10.5491	
-4.24849e-09	4.35744e-10	1	-3.68838	
0	0	0	1	
45
0.999549	0.0293102	0.00656652	-17.7399	
-0.0292404	0.999517	-0.0104879	-4.65661	
-0.00687075	0.0102912	0.999923	-4.40865	
0	0	0	1	
47
0.999739	0.00825918	-0.0213138	-22.5014	
-0.00688098	0.99793	0.0639445	8.07782	
0.0217978	-0.0637812	0.997726	-4.38387	
0	0	0	1	
