37
0.999582	-0.0175588	0.0229767	26.4806	
0.0163492	0.998523	0.0518142	10.0353	
-0.0238526	-0.0514169	0.998392	-3.38742	
0	0	0	1	
36
0.999664	0.024266	0.00911752	23.2216	
-0.0244982	0.999354	0.0262773	0.584066	
-0.00847399	-0.0264918	0.999613	-3.86489	
0	0	0	1	
35
0.983308	-0.150262	0.1026	20.025	
0.153878	0.987686	-0.0282428	-7.07595	
-0.0970927	0.0435592	0.994322	-4.37524	
0	0	0	1	
34
0.991918	0.00405139	0.126818	17.3821	
-0.0147527	0.996394	0.083558	-13.0736	
-0.126022	-0.0847535	0.9884	-4.54949	
0	0	0	1	
33
0.969559	-0.244617	0.0108221	12.8557	
0.242227	0.951752	-0.1884	-17.9018	
0.0357859	0.185287	0.982033	-4.2139	
0	0	0	1	
32
0.997916	-0.0624643	-0.0161561	7.46115	
0.0611882	0.995661	-0.0701057	-20.3254	
0.0204651	0.0689711	0.997409	-3.88824	
0	0	0	1	
31
0.939882	-0.341084	-0.0168454	2.29296	
0.339108	0.937992	-0.0719448	-21.1873	
0.04034	0.0619073	0.997266	-3.62313	
0	0	0	1	
41
0.884753	0.443462	0.143368	-2.23237	
-0.428664	0.895035	-0.123125	-21.0244	
-0.182921	0.0474789	0.981981	-3.48678	
0	0	0	1	
42
0.999903	0.00351312	-0.0134541	-7.22333	
-0.00530598	0.990744	-0.135637	-19.4072	
0.012853	0.135695	0.990667	-3.65646	
0	0	0	1	
43
0.994671	0.00784656	-0.102797	-11.6529	
-0.0347497	0.964268	-0.262638	-16.17	
0.0970626	0.264811	0.959403	-3.77089	
0	0	0	1	
44
1	9.78172e-09	1.50376e-08	-15.657	
-9.78172e-09	1	-1.54232e-09	-10.969	
-1.50376e-08	1.54232e-09	1	-3.81861	
0	0	0	1	
45
0.994353	0.103856	0.0218307	-18.5034	
-0.102982	0.99396	-0.0379337	-5.14803	
-0.0256384	0.0354713	0.999042	-4.52516	
0	0	0	1	
47
0.996741	0.0351528	-0.0726047	-23.3427	
-0.0179627	0.974178	0.225066	10.438	
0.0786416	-0.223028	0.971635	-4.03544	
0	0	0	1	
