37
0.999996	-0.00170243	0.00233844	26.4441	
0.00169033	0.999985	0.00516653	9.95954	
-0.0023472	-0.00516255	0.999984	-3.39361	
0	0	0	1	
36
0.999997	0.0024376	0.000882992	23.2369	
-0.00243992	0.999994	0.00263798	0.48567	
-0.000876556	-0.00264012	0.999996	-4.03469	
0	0	0	1	
35
0.999833	-0.0152765	0.0100698	19.8747	
0.0153127	0.999877	-0.00353399	-7.17004	
-0.0100146	0.00368759	0.999943	-4.41921	
0	0	0	1	
34
0.999919	0.000890224	0.0126948	17.3935	
-0.000997443	0.999964	0.00844207	-13.1203	
-0.0126868	-0.00845405	0.999884	-4.56451	
0	0	0	1	
33
0.999693	-0.0247501	-0.00103356	13.0449	
0.024726	0.999514	-0.0190039	-18.2223	
0.00150341	0.0189725	0.999819	-4.66421	
0	0	0	1	
32
0.999979	-0.00619822	-0.00181223	7.73514	
0.00618545	0.999957	-0.00696988	-20.6654	
0.00185535	0.00695852	0.999974	-3.73321	
0	0	0	1	
31
0.999393	-0.0347382	-0.00280098	2.67078	
0.0347182	0.999373	-0.00688473	-21.2612	
0.00303839	0.0067833	0.999972	-3.1386	
0	0	0	1	
41
0.998824	0.0454817	0.0167861	-1.95813	
-0.0453307	0.998929	-0.00926823	-20.8932	
-0.0171896	0.00849641	0.999816	-2.97905	
0	0	0	1	
42
0.999999	0.000433341	-0.00132243	-6.73421	
-0.000451297	0.999907	-0.0136083	-19.3111	
0.00131641	0.0136089	0.999907	-3.01187	
0	0	0	1	
43
0.999946	0.00202355	-0.0101587	-11.4226	
-0.00229441	0.99964	-0.0267227	-16.1616	
0.010101	0.0267446	0.999591	-3.17436	
0	0	0	1	
44
1	9.78172e-10	1.50376e-09	-14.9874	
-9.78172e-10	1	-1.54232e-10	-10.4423	
-1.50376e-09	1.54232e-10	1	-3.65526	
0	0	0	1	
45
0.999943	0.0103679	0.00235936	-17.5457	
-0.0103592	0.99994	-0.00369026	-4.5316	
-0.00239748	0.00366561	0.99999	-4.37901	
0	0	0	1	
47
0.999967	0.0027676	-0.0076045	-22.2873	
-0.00259488	0.999741	0.0226298	7.47739	
0.00766516	-0.0226093	0.999715	-4.47251	
0	0	0	1	
