37
0.99976	-0.0131914	0.0174877	26.4708	
0.0124974	0.999153	0.039218	10.0149	
-0.0179902	-0.03899	0.999078	-3.38909	
0	0	0	1	
36
0.999807	0.0184025	0.00684726	23.2257	
-0.0185357	0.99963	0.0199244	0.557544	
-0.00647807	-0.0200474	0.999778	-3.91066	
0	0	0	1	
35
0.990412	-0.114427	0.077394	19.9845	
0.116504	0.992927	-0.0228606	-7.10131	
-0.0742307	0.0316581	0.996738	-4.38709	
0	0	0	1	
34
0.99536	0.00406098	0.0961398	17.3852	
-0.0102051	0.997929	0.0635033	-13.0862	
-0.0956829	-0.0641897	0.99334	-4.55354	
0	0	0	1	
33
0.982476	-0.186346	0.00389538	12.9067	
0.18497	0.972225	-0.143402	-17.9882	
0.0229353	0.14161	0.989657	-4.33528	
0	0	0	1	
32
0.998804	-0.0472242	-0.0126412	7.535	
0.0464919	0.99751	-0.0530286	-20.4171	
0.015114	0.0523775	0.998513	-3.84645	
0	0	0	1	
31
0.965357	-0.260498	-0.0150833	2.3948	
0.259359	0.964268	-0.0540423	-21.2072	
0.0286223	0.0482581	0.998425	-3.49253	
0	0	0	1	
41
0.93331	0.340392	0.114305	-2.15845	
-0.331829	0.93926	-0.0876366	-20.9891	
-0.137193	0.0438625	0.989573	-3.34993	
0	0	0	1	
42
0.999944	0.00282969	-0.0101484	-7.09149	
-0.0038589	0.994687	-0.102875	-19.3813	
0.00980341	0.102909	0.994642	-3.48272	
0	0	0	1	
43
0.996934	0.00848698	-0.0777828	-11.5908	
-0.0239658	0.979442	-0.200299	-16.1677	
0.0744838	0.201549	0.976642	-3.6101	
0	0	0	1	
44
1	7.40879e-09	1.13897e-08	-15.4765	
-7.40879e-09	1	-1.16817e-09	-10.8271	
-1.13897e-08	1.16817e-09	1	-3.77458	
0	0	0	1	
45
0.996759	0.0786524	0.0169003	-18.2452	
-0.0781509	0.996533	-0.0285306	-4.98188	
-0.0190857	0.0271174	0.99945	-4.48577	
0	0	0	1	
47
0.998127	0.025139	-0.0557789	-23.0583	
-0.0152572	0.985156	0.170981	9.64	
0.0592492	-0.16981	0.983694	-4.15325	
0	0	0	1	
