37
0.9998	-0.0120012	0.015967	26.4681	
0.0114241	0.999295	0.0357532	10.0092	
-0.0163848	-0.0355636	0.999233	-3.38955	
0	0	0	1	
36
0.99984	0.0167858	0.00622887	23.2268	
-0.0168965	0.999692	0.0181731	0.550244	
-0.0059219	-0.0182754	0.999815	-3.92326	
0	0	0	1	
35
0.992026	-0.104481	0.0704826	19.9733	
0.106208	0.994118	-0.0212116	-7.1083	
-0.0678518	0.0285283	0.997287	-4.39035	
0	0	0	1	
34
0.996141	0.00395188	0.0876782	17.386	
-0.00906135	0.998278	0.057954	-13.0897	
-0.0872982	-0.0585248	0.994462	-4.55466	
0	0	0	1	
33
0.985419	-0.170129	0.00246854	12.9207	
0.168984	0.976889	-0.130893	-18.012	
0.0198571	0.129401	0.991393	-4.36869	
0	0	0	1	
32
0.999006	-0.0430375	-0.0116279	7.55533	
0.0424285	0.99793	-0.0483342	-20.4423	
0.013684	0.0477928	0.998764	-3.83495	
0	0	0	1	
31
0.971167	-0.23797	-0.0143327	2.42283	
0.237023	0.97026	-0.049143	-21.2127	
0.0256011	0.0443289	0.998689	-3.45658	
0	0	0	1	
41
0.944442	0.311257	0.105583	-2.1381	
-0.304124	0.949399	-0.0784237	-20.9793	
-0.12465	0.0419565	0.991313	-3.31226	
0	0	0	1	
42
0.999954	0.00262244	-0.0092426	-7.0552	
-0.00347829	0.995582	-0.0938349	-19.3742	
0.00895569	0.0938627	0.995545	-3.43489	
0	0	0	1	
43
0.997449	0.00837632	-0.0708857	-11.5737	
-0.0212546	0.982896	-0.182933	-16.1671	
0.068141	0.183973	0.980567	-3.56584	
0	0	0	1	
44
1	6.7556e-09	1.03855e-08	-15.4268	
-6.7556e-09	1	-1.06518e-09	-10.788	
-1.03855e-08	1.06518e-09	1	-3.76246	
0	0	0	1	
45
0.997305	0.0717125	0.0155014	-18.1742	
-0.0712955	0.997117	-0.0259636	-4.93614	
-0.0173186	0.0247885	0.999543	-4.47492	
0	0	0	1	
47
0.998442	0.0225445	-0.0510489	-22.9799	
-0.0143246	0.987652	0.156005	9.42033	
0.0539356	-0.15503	0.986436	-4.18568	
0	0	0	1	
