37
0.999742	-0.0136882	0.0181192	26.4719	
0.0129423	0.999089	0.0406601	10.0172	
-0.0186593	-0.0404151	0.999009	-3.38889	
0	0	0	1	
36
0.999793	0.0190749	0.00710541	23.2252	
-0.019218	0.999602	0.0206528	0.560582	
-0.00670863	-0.0207851	0.999761	-3.90541	
0	0	0	1	
35
0.989697	-0.118555	0.0802737	19.9891	
0.120787	0.9924	-0.0235255	-7.09841	
-0.0768745	0.0329791	0.996495	-4.38573	
0	0	0	1	
34
0.995013	0.00409217	0.0996589	17.3848	
-0.0106948	0.997775	0.0658089	-13.0848	
-0.0991678	-0.0665466	0.992843	-4.55308	
0	0	0	1	
33
0.981174	-0.193074	0.00455037	12.9008	
0.191596	0.97016	-0.148594	-17.9783	
0.024275	0.146668	0.988888	-4.32138	
0	0	0	1	
32
0.998715	-0.0489675	-0.0130571	7.52654	
0.0481804	0.997324	-0.0549829	-20.4066	
0.0157145	0.0542831	0.998402	-3.85124	
0	0	0	1	
31
0.962785	-0.269832	-0.015362	2.38313	
0.268609	0.961615	-0.0560855	-21.2049	
0.029906	0.0498719	0.998308	-3.50749	
0	0	0	1	
41
0.92839	0.352428	0.117845	-2.16692	
-0.343233	0.934779	-0.0915441	-20.9931	
-0.142422	0.0445402	0.988803	-3.3656	
0	0	0	1	
42
0.99994	0.00291351	-0.0105259	-7.10659	
-0.00401954	0.99429	-0.106634	-19.3843	
0.0101551	0.10667	0.994243	-3.50262	
0	0	0	1	
43
0.996706	0.00849653	-0.0806521	-11.5979	
-0.025127	0.977912	-0.207501	-16.168	
0.0771076	0.208844	0.974904	-3.62852	
0	0	0	1	
44
1	7.6806e-09	1.18075e-08	-15.4972	
-7.6806e-09	1	-1.21103e-09	-10.8433	
-1.18075e-08	1.21103e-09	1	-3.77962	
0	0	0	1	
45
0.996517	0.0815401	0.0174771	-18.2748	
-0.0810011	0.996274	-0.0296015	-5.00091	
-0.0198257	0.0280828	0.999409	-4.49028	
0	0	0	1	
47
0.997987	0.0262394	-0.057735	-23.0908	
-0.0156215	0.98405	0.177203	9.7314	
0.0614638	-0.175944	0.982479	-4.13976	
0	0	0	1	
