37
0.99978	-0.0126316	0.0167738	26.4695	
0.0119939	0.999221	0.0375902	10.0122	
-0.0172356	-0.0373807	0.999152	-3.3893	
0	0	0	1	
36
0.999823	0.0176431	0.0065564	23.2262	
-0.0177655	0.99966	0.0191018	0.554115	
-0.00621716	-0.0192149	0.999796	-3.91657	
0	0	0	1	
35
0.991189	-0.109758	0.0741456	19.9792	
0.111667	0.9935	-0.0220949	-7.10459	
-0.0712385	0.0301798	0.997003	-4.38862	
0	0	0	1	
34
0.995736	0.00401574	0.0921655	17.3856	
-0.00966198	0.998097	0.0608979	-13.0878	
-0.0917456	-0.0615287	0.99388	-4.55406	
0	0	0	1	
33
0.983892	-0.178736	0.00319916	12.9133	
0.177472	0.974469	-0.137531	-17.9994	
0.0214643	0.135884	0.990492	-4.35097	
0	0	0	1	
32
0.998901	-0.0452569	-0.0121676	7.54455	
0.044584	0.997712	-0.0508229	-20.4289	
0.0144399	0.0502246	0.998634	-3.84105	
0	0	0	1	
31
0.968151	-0.249931	-0.014745	2.40797	
0.248885	0.96715	-0.0517387	-21.2098	
0.0271917	0.0464211	0.998552	-3.47564	
0	0	0	1	
41
0.938662	0.326741	0.110245	-2.14889	
-0.318865	0.944135	-0.083277	-20.9845	
-0.131296	0.0430158	0.99041	-3.33223	
0	0	0	1	
42
0.999949	0.00273336	-0.00972267	-7.07444	
-0.00367914	0.995117	-0.0986294	-19.378	
0.00940561	0.0986601	0.995077	-3.46025	
0	0	0	1	
43
0.997182	0.00845043	-0.0745429	-11.5828	
-0.0226781	0.981103	-0.192151	-16.1674	
0.0715106	0.1933	0.97853	-3.58931	
0	0	0	1	
44
1	7.10194e-09	1.09179e-08	-15.4532	
-7.10194e-09	1	-1.11979e-09	-10.8087	
-1.09179e-08	1.11979e-09	1	-3.76888	
0	0	0	1	
45
0.997022	0.0753923	0.0162454	-18.2118	
-0.0749314	0.996814	-0.0273235	-4.96039	
-0.0182536	0.0260249	0.999495	-4.48067	
0	0	0	1	
47
0.998278	0.0239113	-0.053562	-23.0215	
-0.0148292	0.986357	0.16395	9.5368	
0.0567515	-0.162873	0.985013	-4.16849	
0	0	0	1	
