37
0.999847	-0.0104937	0.0140254	26.4646	
0.01005	0.999458	0.0313449	10.0021	
-0.0143468	-0.0311992	0.99941	-3.39013	
0	0	0	1	
36
0.999877	0.0147263	0.00544587	23.2283	
-0.0148115	0.999763	0.0159425	0.540951	
-0.00520981	-0.0160212	0.999858	-3.93929	
0	0	0	1	
35
0.993866	-0.0917746	0.0617057	19.9591	
0.0931034	0.995475	-0.019009	-7.11718	
-0.0596819	0.0246374	0.997913	-4.39451	
0	0	0	1	
34
0.997032	0.00374327	0.0769004	17.3871	
-0.00767335	0.998676	0.0508744	-13.0941	
-0.0766081	-0.0513135	0.99574	-4.55607	
0	0	0	1	
33
0.988777	-0.149398	0.00095403	12.9386	
0.148516	0.982211	-0.114909	-18.0423	
0.0162301	0.113761	0.993376	-4.41122	
0	0	0	1	
32
0.999235	-0.0377144	-0.0103096	7.5812	
0.037246	0.998408	-0.0423636	-20.4744	
0.0118909	0.0419472	0.999049	-3.82031	
0	0	0	1	
31
0.977801	-0.209118	-0.0132126	2.45851	
0.208389	0.977103	-0.0429329	-21.2197	
0.0218882	0.0392265	0.998991	-3.41082	
0	0	0	1	
41
0.95718	0.273789	0.0940561	-2.1122	
-0.268291	0.961	-0.0670737	-20.9669	
-0.108752	0.0389673	0.993305	-3.26431	
0	0	0	1	
42
0.999965	0.00234675	-0.00809243	-7.00901	
-0.00300502	0.996602	-0.0823167	-19.3651	
0.00787175	0.0823381	0.996573	-3.37402	
0	0	0	1	
43
0.998037	0.00805633	-0.062107	-11.5519	
-0.0179674	0.986837	-0.160719	-16.1663	
0.0599947	0.16152	0.985044	-3.5095	
0	0	0	1	
44
1	5.92421e-09	9.10738e-09	-15.3636	
-5.92421e-09	1	-9.34093e-10	-10.7382	
-9.10738e-09	9.34093e-10	1	-3.74703	
0	0	0	1	
45
0.997927	0.0628792	0.013695	-18.0837	
-0.0625584	0.997783	-0.0227102	-4.87793	
-0.0150927	0.0218064	0.999648	-4.46112	
0	0	0	1	
47
0.998801	0.0193453	-0.0449705	-22.8803	
-0.0130207	0.9905	0.136898	9.14073	
0.0471916	-0.136149	0.989564	-4.22696	
0	0	0	1	
