37
0.999711	-0.0145198	0.0191722	26.4738	
0.0136832	0.998978	0.0430686	10.0211	
-0.019778	-0.0427938	0.998888	-3.38857	
0	0	0	1	
36
0.999768	0.0201973	0.00753759	23.2244	
-0.0203578	0.999554	0.0218687	0.565655	
-0.00709254	-0.0220171	0.999732	-3.89666	
0	0	0	1	
35
0.988446	-0.125437	0.0850871	19.9969	
0.127939	0.991477	-0.024608	-7.09356	
-0.0812751	0.0352097	0.99607	-4.38347	
0	0	0	1	
34
0.994407	0.00412562	0.105533	17.3842	
-0.0115306	0.997505	0.0696544	-13.0824	
-0.104982	-0.0704817	0.991973	-4.5523	
0	0	0	1	
33
0.978896	-0.20428	0.00572423	12.8911	
0.202623	0.96655	-0.157243	-17.9618	
0.0265889	0.155084	0.987543	-4.29816	
0	0	0	1	
32
0.998559	-0.05188	-0.0137439	7.51241	
0.0509972	0.996999	-0.0582474	-20.389	
0.0167245	0.0574625	0.998208	-3.85923	
0	0	0	1	
31
0.95829	-0.285363	-0.0157831	2.36365	
0.283992	0.956978	-0.0595026	-21.2011	
0.032084	0.0525384	0.998103	-3.53247	
0	0	0	1	
41
0.919798	0.372404	0.123638	-2.18105	
-0.362106	0.926954	-0.0981635	-20.9999	
-0.151164	0.0455205	0.98746	-3.39178	
0	0	0	1	
42
0.999933	0.00305028	-0.011157	-7.13181	
-0.00429075	0.993596	-0.112908	-19.3892	
0.0107411	0.112949	0.993543	-3.53585	
0	0	0	1	
43
0.996307	0.00846464	-0.0854419	-11.6098	
-0.0271091	0.975237	-0.219494	-16.1684	
0.0814682	0.221	0.971865	-3.65927	
0	0	0	1	
44
1	8.13448e-09	1.25053e-08	-15.5317	
-8.13448e-09	1	-1.28259e-09	-10.8705	
-1.25053e-08	1.28259e-09	1	-3.78804	
0	0	0	1	
45
0.996093	0.0863618	0.0184334	-18.3242	
-0.0857573	0.995821	-0.0313934	-5.03269	
-0.0210676	0.02969	0.999337	-4.49781	
0	0	0	1	
47
0.997743	0.0281041	-0.0609852	-23.1453	
-0.0161985	0.982116	0.187579	9.88404	
0.0651663	-0.186167	0.980355	-4.11722	
0	0	0	1	
